567 341
1383 447
1366 468
-1 -1
-1 -1
564 341
1328 438
-1 -1
563 341
1328 438
-1 -1
564 341
1297 415
1282 388
-1 -1
-1 -1
564 339
1292 411
-1 -1
563 341
1288 389
-1 -1
563 342
1288 388
-1 -1
561 342
1242 339
-1 -1
561 344
1188 297
-1 -1
561 345
1154 259
1134 269
560 345
1108 216
1092 240
-1 -1
560 345
1041 214
1065 192
-1 -1
560 346
985 174
560 347
944 185
969 152
561 347
904 171
-1 -1
562 346
882 171
563 344
854 170
562 346
846 171
562 346
846 176
562 347
863 177
-1 -1
564 348
889 181
-1 -1
564 348
885 210
948 206
960 174
-1 -1
563 349
983 193
-1 -1
563 350
1037 210
-1 -1
562 350
1077 236
561 350
1112 258
561 353
1190 293
561 353
1247 351
563 353
1274 345
1277 421
1274 447
-1 -1
561 353
1333 413
-1 -1
562 353
1354 485
-1 -1
-1 -1
563 352
-1 -1
-1 -1
563 351
1451 531
-1 -1
566 350
-1 -1
567 349
-1 -1
-1 -1
-1 -1
567 349
-1 -1
568 349
-1 -1
1395 522
-1 -1
568 348
1396 480
1409 472
-1 -1
568 346
1365 464
1358 447
-1 -1
-1 -1
567 344
1324 438
-1 -1
566 344
1290 404
1282 396
-1 -1
-1 -1
565 346
1252 371
1275 361
-1 -1
-1 -1
566 346
1193 319
-1 -1
565 345
1163 282
-1 -1
565 345
1133 259
-1 -1
565 345
1088 225
-1 -1
565 345
1043 201
-1 -1
565 345
990 181
-1 -1
565 346
945 173
562 346
907 175
563 347
870 181
564 347
857 182
564 348
848 179
843 210
564 348
840 200
563 348
851 204
562 354
893 197
906 219
-1 -1
562 356
949 219
938 217
-1 -1
562 357
967 225
562 357
1005 255
561 357
1057 282
-1 -1
560 357
1122 318
-1 -1
560 357
1214 384
-1 -1
-1 -1
559 357
1231 354
1223 388
1270 390
-1 -1
-1 -1
559 357
1282 434
-1 -1
560 357
1308 492
-1 -1
-1 -1
560 357
1263 490
-1 -1
560 357
1375 570
-1 -1
-1 -1
561 357
-1 -1
-1 -1
-1 -1
563 357
-1 -1
-1 -1
-1 -1
562 357
-1 -1
563 356
-1 -1
1434 523
1395 544
-1 -1
564 352
1362 522
1417 480
-1 -1
563 350
1347 500
-1 -1
-1 -1
561 348
1316 468
1307 447
-1 -1
563 346
1265 413
1290 413
-1 -1
-1 -1
564 341
1258 393
1223 379
-1 -1
-1 -1
564 341
1189 342
-1 -1
559 335
1189 313
1168 332
556 327
1124 281
552 321
1083 261
1100 239
548 319
1035 217
544 316
989 200
565 335
949 183
563 333
917 180
560 331
883 187
555 321
862 193
-1 -1
552 317
850 198
548 313
849 202
542 310
861 205
-1 -1
537 305
873 207
534 303
915 216
531 303
967 213
-1 -1
530 303
1017 227
526 302
1080 241
-1 -1
525 302
1118 268
-1 -1
524 299
1150 284
1147 278
524 299
1258 351
524 298
1248 354
1265 421
1305 416
-1 -1
521 293
1316 405
-1 -1
520 291
1342 463
-1 -1
520 290
-1 -1
-1 -1
522 289
-1 -1
523 288
-1 -1
-1 -1
524 288
1442 540
-1 -1
-1 -1
525 288
1442 514
1425 514
-1 -1
-1 -1
525 289
1409 472
1383 522
-1 -1
-1 -1
524 289
1366 455
1366 480
-1 -1
-1 -1
-1 -1
523 290
1345 455
1324 430
-1 -1
523 290
1318 436
-1 -1
521 291
1247 414
1240 379
-1 -1
519 294
1206 345
1197 349
-1 -1
-1 -1
516 295
1186 291
1160 307
513 296
1164 275
1105 282
511 300
1107 248
510 304
1044 211
-1 -1
511 307
987 180
510 308
929 169
508 310
900 176
504 312
868 185
890 171
502 313
867 182
853 187
502 315
846 191
858 195
502 315
844 192
499 316
861 182
497 317
908 173
915 193
496 319
948 193
494 320
987 201
493 320
1026 222
490 323
1072 253
-1 -1
489 324
1121 291
489 324
1178 295
490 323
1282 367
492 323
1291 378
1290 421
-1 -1
492 322
1324 405
1316 396
-1 -1
493 322
1341 455
-1 -1
493 321
1367 473
-1 -1
490 323
1388 528
1417 489
-1 -1
489 324
1404 510
489 325
1405 505
-1 -1
-1 -1
487 325
1366 480
-1 -1
487 325
1340 438
1341 438
487 325
1302 448
1307 430
-1 -1
485 326
1280 423
1265 388
-1 -1
-1 -1
485 327
1233 368
482 328
1180 337
1206 328
-1 -1
481 329
1162 298
481 333
1157 266
1138 282
-1 -1
477 333
1085 239
1071 248
-1 -1
467 328
1043 205
1037 227
464 331
964 191
465 336
931 182
464 338
882 179
462 338
864 177
461 342
847 206
859 169
458 343
827 220
457 345
841 202
458 347
851 209
457 352
859 214
457 351
931 245
902 227
458 351
961 264
458 355
981 290
457 356
1018 313
457 355
1107 334
1126 354
454 354
1198 421
-1 -1
456 355
1225 440
-1 -1
457 356
1257 476
-1 -1
460 358
1320 476
1286 527
-1 -1
-1 -1
466 362
-1 -1
-1 -1
469 364
-1 -1
-1 -1
-1 -1
472 363
-1 -1
-1 -1
473 362
-1 -1
-1 -1
473 367
1366 506
1375 506
-1 -1
473 369
1352 508
1341 480
-1 -1
-1 -1
472 370
1306 461
1307 455
-1 -1
472 371
1300 457
1307 455
-1 -1
473 370
1227 433
-1 -1
472 371
1182 385
473 370
1136 337
473 371
1124 311
473 369
1092 290
1108 279
473 368
1029 286
1103 273
472 369
998 223
472 371
949 202
-1 -1
473 374
911 195
-1 -1
473 373
914 192
-1 -1
435 356
852 195
428 359
839 202
-1 -1
457 377
835 210
459 374
839 196
431 360
847 195
457 373
875 212
-1 -1
428 363
917 225
427 365
961 246
426 366
991 266
425 365
1035 276
427 364
1081 314
-1 -1
437 366
1123 343
435 362
1242 371
1231 391
438 358
1260 434
1244 417
-1 -1
-1 -1
439 356
1281 438
438 356
1318 483
-1 -1
438 358
1366 497
1353 503
-1 -1
-1 -1
439 358
1366 497
1357 505
-1 -1
-1 -1
478 364
1364 493
-1 -1
-1 -1
478 367
1360 518
-1 -1
481 367
1348 493
447 354
1344 490
482 364
1302 441
1257 405
-1 -1
481 357
1274 423
1223 379
-1 -1
480 354
1212 364
-1 -1
480 353
1206 358
-1 -1
-1 -1
480 350
1131 294
-1 -1
480 350
1078 257
-1 -1
479 350
1043 231
-1 -1
477 347
1010 202
480 347
942 197
476 343
894 199
473 341
847 185
475 341
836 180
475 341
808 180
477 342
784 207
475 342
778 219
475 344
786 216
475 347
793 220
479 345
882 188
864 210
475 345
868 218
860 210
476 349
898 228
444 339
979 235
445 341
1033 245
445 341
1087 260
478 351
1159 323
-1 -1
471 347
1201 332
1189 312
1198 329
-1 -1
465 343
-1 -1
1231 354
1223 362
470 346
1282 388
1290 413
-1 -1
-1 -1
471 346
1333 447
1324 447
-1 -1
-1 -1
474 347
1349 501
-1 -1
-1 -1
439 331
1392 506
-1 -1
-1 -1
-1 -1
441 332
-1 -1
-1 -1
439 331
-1 -1
-1 -1
439 332
1409 497
-1 -1
-1 -1
439 333
1391 510
-1 -1
-1 -1
442 335
1357 470
-1 -1
-1 -1
443 336
1331 454
1316 430
-1 -1
443 336
1282 413
1279 401
-1 -1
1316 438
-1 -1
443 334
1310 429
1231 371
1265 409
-1 -1
-1 -1
441 333
1226 397
1198 345
1231 379
441 331
1152 322
-1 -1
442 334
1141 285
443 337
1123 261
1105 269
-1 -1
459 348
1059 234
-1 -1
458 347
1030 197
1012 214
-1 -1
465 351
963 188
-1 -1
476 450
925 174
435 255
447 357
882 178
455 362
858 173
459 355
826 201
458 356
804 208
-1 -1
456 358
807 208
456 359
814 204
456 362
833 207
429 351
872 210
462 367
917 209
463 367
936 213
464 366
997 229
462 364
1062 270
430 352
1122 286
1137 276
-1 -1
432 353
1165 300
434 354
1253 336
1198 329
-1 -1
435 353
1257 396
-1 -1
-1 -1
434 351
1311 438
-1 -1
-1 -1
436 351
1349 464
-1 -1
439 350
1392 506
-1 -1
-1 -1
441 347
-1 -1
-1 -1
443 348
-1 -1
-1 -1
-1 -1
441 348
1425 506
-1 -1
-1 -1
-1 -1
469 361
1400 480
894 278
-1 -1
473 363
1382 487
894 278
-1 -1
439 352
1355 478
1341 438
894 278
439 352
1290 405
1311 451
1326 467
-1 -1
440 351
1301 412
1257 379
-1 -1
-1 -1
441 350
1206 354
1244 387
1296 392
473 362
1175 325
-1 -1
-1 -1
471 361
1146 300
-1 -1
471 364
1054 270
-1 -1
471 367
1058 229
-1 -1
469 367
1009 206
-1 -1
437 354
937 190
440 355
914 177
440 355
872 177
440 356
841 181
441 355
824 204
440 356
828 183
-1 -1
440 356
837 184
439 355
850 191
438 354
877 207
469 370
919 231
440 355
977 239
445 356
-1 -1
1033 265
-1 -1
448 356
1138 278
1113 290
-1 -1
454 355
1161 309
453 354
1209 341
452 351
1257 379
1282 417
1282 396
-1 -1
-1 -1
479 370
1286 501
1307 421
-1 -1
-1 -1
456 349
-1 -1
-1 -1
-1 -1
456 346
-1 -1
-1 -1
-1 -1
457 348
1392 514
-1 -1
-1 -1
459 351
1417 523
-1 -1
-1 -1
482 366
1412 511
-1 -1
-1 -1
481 363
1394 508
-1 -1
-1 -1
453 350
1364 489
-1 -1
483 359
1340 468
-1 -1
481 366
1275 430
-1 -1
-1 -1
479 369
1269 414
1231 379
-1 -1
-1 -1
-1 -1
449 350
1200 364
1189 345
449 349
1145 326
-1 -1
452 349
1117 282
480 371
1081 260
455 350
1038 240
453 352
980 207
452 354
919 205
449 347
868 184
448 356
843 184
444 358
808 193
444 354
782 209
-1 -1
443 348
776 209
-1 -1
-1 -1
441 378
782 207
-1 -1
497 249
446 379
792 218
-1 -1
499 251
479 350
821 216
457 382
831 215
497 258
479 355
895 230
481 353
968 222
978 227
459 350
1037 253
-1 -1
454 360
1081 267
-1 -1
449 352
1105 270
1139 290
1149 270
-1 -1
453 360
1172 303
1210 345
1176 286
-1 -1
-1 -1
455 356
1259 385
-1 -1
-1 -1
451 356
1281 384
1299 388
-1 -1
451 356
1335 422
-1 -1
-1 -1
452 355
1375 464
-1 -1
-1 -1
453 356
-1 -1
-1 -1
455 354
1434 523
-1 -1
-1 -1
456 355
1434 523
-1 -1
456 352
1434 514
-1 -1
-1 -1
455 346
1392 464
-1 -1
454 346
1378 486
-1 -1
454 345
1331 461
1316 413
-1 -1
-1 -1
454 345
1278 427
1274 396
-1 -1
-1 -1
454 346
1264 395
-1 -1
453 350
1212 347
450 349
1172 316
-1 -1
448 346
1125 280
-1 -1
448 346
1062 249
-1 -1
531 247
448 347
1020 217
449 348
971 199
-1 -1
448 350
922 190
448 349
868 198
449 348
840 183
449 348
808 190
448 347
794 212
-1 -1
448 346
795 223
448 348
807 217
-1 -1
449 348
833 214
451 348
865 220
453 349
912 232
453 350
972 225
453 352
1032 247
453 352
1066 266
-1 -1
453 355
1133 283
1113 270
-1 -1
452 352
1192 318
451 348
1263 366
-1 -1
-1 -1
450 345
1299 388
1290 405
-1 -1
-1 -1
449 345
1350 447
-1 -1
-1 -1
450 343
1368 458
-1 -1
454 349
1400 489
-1 -1
-1 -1
454 346
-1 -1
-1 -1
453 346
-1 -1
-1 -1
453 348
-1 -1
1425 489
1400 489
-1 -1
-1 -1
451 345
1366 455
451 349
1353 483
-1 -1
-1 -1
449 349
1331 445
1299 413
-1 -1
450 350
1269 429
1257 388
-1 -1
-1 -1
450 353
1271 404
1223 362
-1 -1
-1 -1
449 353
1271 401
1223 362
-1 -1
-1 -1
448 353
1138 314
1126 303
-1 -1
448 353
1106 279
1083 278
444 353
1042 240
474 365
996 216
441 352
952 196
-1 -1
437 353
903 200
536 241
465 365
871 207
463 366
872 203
440 351
815 211
442 352
800 222
443 351
793 237
-1 -1
446 351
790 241
-1 -1
447 352
808 245
446 351
814 245
447 351
898 236
885 267
446 352
978 248
-1 -1
475 369
-1 -1
991 253
470 369
1062 263
-1 -1
470 369
1176 279
1147 299
-1 -1
472 371
1184 285
1147 299
-1 -1
443 356
1268 366
-1 -1
472 373
1273 372
-1 -1
445 353
1331 447
-1 -1
474 368
1362 450
-1 -1
-1 -1
477 365
-1 -1
-1 -1
478 364
-1 -1
-1 -1
480 361
1434 514
-1 -1
-1 -1
482 362
1409 497
-1 -1
-1 -1
-1 -1
482 362
1392 480
-1 -1
-1 -1
478 362
1358 455
1358 447
-1 -1
479 361
1315 428
1307 438
-1 -1
-1 -1
479 362
1308 423
1307 438
-1 -1
-1 -1
479 362
1285 421
1231 371
-1 -1
481 362
1189 345
1219 371
1206 354
-1 -1
479 362
1165 318
-1 -1
478 360
1165 315
-1 -1
444 355
1077 258
-1 -1
444 355
1083 251
1071 253
-1 -1
443 355
978 204
440 358
938 191
439 357
891 188
438 357
889 189
474 373
825 207
-1 -1
438 356
818 210
439 354
792 218
438 356
794 224
436 355
805 233
437 355
812 227
440 355
876 225
-1 -1
440 356
886 223
-1 -1
442 357
965 244
443 357
972 248
442 359
1092 278
1111 288
-1 -1
442 360
1092 280
1113 287
-1 -1
441 359
1194 333
-1 -1
441 359
1200 339
-1 -1
441 358
1290 421
-1 -1
-1 -1
444 359
1332 440
-1 -1
-1 -1
444 358
-1 -1
-1 -1
444 357
-1 -1
-1 -1
443 355
1442 523
-1 -1
442 354
1442 523
-1 -1
441 353
1417 489
-1 -1
-1 -1
441 354
1375 464
-1 -1
477 364
1349 470
-1 -1
441 355
1309 456
-1 -1
-1 -1
440 354
1266 427
1265 405
-1 -1
-1 -1
440 354
1257 422
1265 405
-1 -1
-1 -1
474 362
1181 341
472 363
1149 306
-1 -1
472 364
1111 283
-1 -1
472 364
1104 280
-1 -1
473 367
1012 219
474 366
964 196
-1 -1
475 369
911 188
472 374
863 196
440 359
833 200
442 358
805 207
474 370
798 210
-1 -1
471 369
798 210
-1 -1
439 356
803 229
441 356
822 228
442 357
845 218
441 358
850 216
443 357
995 227
988 213
443 358
-1 -1
1024 253
443 359
1066 269
1037 253
-1 -1
442 359
1066 272
1037 294
-1 -1
443 358
1172 312
1193 328
1211 321
-1 -1
477 368
1231 345
1256 366
1274 349
476 365
1274 379
-1 -1
444 354
1332 434
-1 -1
445 355
1376 481
-1 -1
-1 -1
477 368
-1 -1
475 367
-1 -1
-1 -1
445 357
-1 -1
-1 -1
445 358
1434 514
-1 -1
-1 -1
479 373
-1 -1
-1 -1
445 356
1383 476
-1 -1
445 355
1383 476
-1 -1
444 354
1307 476
1299 405
-1 -1
446 352
1257 388
1269 430
-1 -1
-1 -1
447 354
1248 395
1223 354
446 355
1163 326
446 355
1115 305
-1 -1
477 366
1050 286
1083 275
-1 -1
475 365
1012 241
443 359
990 215
443 357
930 205
477 369
880 197
477 369
859 183
444 356
844 177
826 198
443 358
818 181
807 202
474 371
788 203
475 370
784 234
475 372
797 239
477 372
834 234
475 369
879 215
473 367
904 233
472 367
978 244
930 246
-1 -1
472 366
999 260
470 365
1081 282
-1 -1
471 365
1100 307
-1 -1
474 365
1203 350
476 364
1258 416
476 365
1307 438
-1 -1
477 366
1337 459
480 367
1375 514
-1 -1
-1 -1
449 357
-1 -1
-1 -1
475 366
-1 -1
-1 -1
479 366
1434 523
1442 540
-1 -1
448 354
1400 489
-1 -1
-1 -1
448 353
1366 489
-1 -1
448 353
1340 488
-1 -1
449 353
1301 461
1282 430
-1 -1
-1 -1
479 368
1269 419
1240 396
-1 -1
446 353
1231 402
1206 379
-1 -1
-1 -1
444 353
1201 352
1185 362
-1 -1
477 368
1160 311
1138 324
-1 -1
475 368
1103 283
-1 -1
474 369
1033 252
1024 271
-1 -1
475 370
1021 220
1008 240
470 373
965 210
468 372
984 196
974 223
469 372
890 188
440 357
857 186
441 359
813 195
441 363
809 198
442 364
784 217
443 366
790 219
-1 -1
442 366
797 221
-1 -1
441 366
809 229
440 363
835 224
438 387
883 226
894 202
483 252
444 362
951 229
446 363
1035 237
448 357
1074 253
-1 -1
449 358
1080 257
-1 -1
453 364
1142 294
-1 -1
-1 -1
453 362
1246 332
-1 -1
451 355
1278 374
1265 371
-1 -1
451 352
1256 354
1265 371
-1 -1
449 356
1366 472
1350 447
-1 -1
-1 -1
447 354
1383 480
1359 458
-1 -1
-1 -1
448 354
1392 489
-1 -1
-1 -1
444 355
1392 489
-1 -1
-1 -1
445 355
1372 483
-1 -1
444 355
1361 483
-1 -1
-1 -1
442 354
1324 430
1316 430
-1 -1
-1 -1
469 363
1318 446
1290 413
-1 -1
-1 -1
470 363
1309 430
475 363
1267 392
-1 -1
477 362
1237 343
1210 345
476 363
1152 304
-1 -1
475 363
1111 273
475 363
1105 270
467 365
1003 222
-1 -1
469 365
953 203
468 365
910 188
439 353
871 183
438 354
832 185
438 354
801 196
-1 -1
440 357
771 209
-1 -1
441 358
767 221
-1 -1
441 361
767 228
-1 -1
441 362
779 228
440 361
791 227
440 362
797 226
442 361
850 237
443 362
898 228
944 214
444 364
965 233
-1 -1
444 362
1018 248
-1 -1
444 360
1081 283
-1 -1
445 361
877 286
1159 295
1171 288
-1 -1
447 360
1219 308
1198 303
-1 -1
448 359
1222 312
-1 -1
447 356
1280 361
446 355
1294 408
478 366
1392 472
-1 -1
-1 -1
477 393
1434 514
-1 -1
-1 -1
435 250
479 362
-1 -1
480 361
-1 -1
-1 -1
478 362
1442 497
-1 -1
-1 -1
479 360
1416 471
1400 489
-1 -1
474 359
1366 447
1392 447
-1 -1
472 358
1392 447
1366 447
-1 -1
-1 -1
474 361
1328 434
1290 396
-1 -1
-1 -1
476 362
1316 416
-1 -1
476 363
1215 345
1256 379
1319 394
-1 -1
477 363
1215 345
1256 379
1314 388
-1 -1
476 363
1189 291
1155 307
-1 -1
476 363
1180 286
1155 307
474 363
1073 239
-1 -1
473 364
1040 201
1020 231
-1 -1
474 365
971 200
477 366
931 185
478 367
890 175
477 366
850 180
474 367
812 196
-1 -1
473 368
799 205
-1 -1
444 361
795 221
-1 -1
478 369
799 224
465 371
811 224
-1 -1
393 233
462 370
814 224
-1 -1
387 233
462 368
864 216
465 370
940 210
940 206
-1 -1
467 371
972 215
472 371
991 233
442 357
1056 255
-1 -1
-1 -1
444 359
1061 259
-1 -1
445 358
1198 286
1202 307
1236 293
479 370
1257 329
1248 329
-1 -1
-1 -1
477 368
1316 379
-1 -1
477 366
-1 -1
1358 413
-1 -1
477 365
1400 455
-1 -1
477 365
1400 455
-1 -1
477 365
-1 -1
476 364
-1 -1
-1 -1
477 364
1434 506
1459 489
-1 -1
476 365
1413 565
1459 489
-1 -1
471 364
1388 489
-1 -1
456 355
1369 458
-1 -1
444 255
486 446
1322 424
1299 396
-1 -1
-1 -1
440 253
472 364
1317 415
1265 379
-1 -1
-1 -1
474 364
1360 372
1206 345
-1 -1
-1 -1
475 364
1223 334
478 364
1165 290
-1 -1
480 364
1112 259
480 364
1061 229
479 364
1002 204
476 363
961 197
475 361
963 194
475 362
879 203
441 356
836 240
847 189
473 369
817 242
832 194
474 370
816 243
828 196
470 367
750 421
818 199
830 179
468 365
810 187
750 421
462 365
812 205
462 367
829 206
473 452
867 218
443 267
443 361
890 246
-1 -1
447 362
959 240
953 244
-1 -1
460 365
984 263
-1 -1
459 367
1089 276
1087 291
-1 -1
460 368
1119 321
459 369
1193 337
-1 -1
463 368
1227 375
1198 388
1299 393
-1 -1
467 369
1290 438
1282 405
-1 -1
468 370
1290 438
1282 405
-1 -1
443 359
1353 493
-1 -1
443 360
1357 496
-1 -1
443 358
1394 500
-1 -1
445 359
1392 492
-1 -1
444 359
1387 524
443 360
1346 463
1350 447
-1 -1
443 358
1290 421
1307 421
-1 -1
-1 -1
442 358
1301 448
1257 405
-1 -1
443 359
1283 410
1265 413
-1 -1
445 360
1288 399
1181 345
1164 354
-1 -1
479 366
1287 394
1181 345
1164 354
-1 -1
476 367
1145 293
-1 -1
463 365
1110 263
1092 282
-1 -1
-1 -1
481 450
1092 279
1107 258
-1 -1
-1 -1
446 269
468 368
1005 215
468 368
1001 214
470 373
910 190
-1 -1
466 373
867 187
465 373
830 181
-1 -1
459 370
803 190
461 370
775 196
466 372
769 228
468 372
771 237
-1 -1
468 371
772 242
-1 -1
472 373
791 234
470 406
821 235
-1 -1
438 264
445 364
875 222
432 356
878 221
