519 305
1336 501
1349 529
1299 607
-1 -1
518 305
1313 505
-1 -1
517 305
1313 505
-1 -1
518 305
1284 481
1261 464
-1 -1
-1 -1
520 306
1279 476
-1 -1
518 306
1266 458
-1 -1
518 306
1264 452
-1 -1
517 308
1241 423
-1 -1
516 310
1199 375
-1 -1
516 311
1161 330
1149 332
518 313
1121 290
1111 301
-1 -1
519 314
1068 279
1082 269
-1 -1
519 315
1029 248
519 316
978 244
992 228
520 316
942 237
-1 -1
520 313
926 237
521 312
900 239
520 312
891 240
520 309
891 245
518 309
902 246
-1 -1
518 309
922 249
-1 -1
518 309
940 269
980 267
981 248
-1 -1
517 309
1015 265
-1 -1
517 310
1064 283
-1 -1
517 310
1101 305
516 310
1140 329
516 311
1196 363
516 313
1234 417
517 314
1248 404
1262 467
1257 480
-1 -1
518 314
1295 468
1316 548
520 315
1305 504
-1 -1
-1 -1
520 317
1316 632
-1 -1
521 315
1404 577
-1 -1
522 316
-1 -1
523 316
-1 -1
-1 -1
-1 -1
523 317
-1 -1
523 317
1257 632
1359 573
-1 -1
523 316
1373 564
1354 514
-1 -1
523 313
1319 514
1316 485
-1 -1
-1 -1
523 312
1302 501
-1 -1
522 313
1282 473
1261 459
-1 -1
-1 -1
522 315
1254 442
1267 439
-1 -1
-1 -1
522 315
1202 389
-1 -1
522 315
1173 353
-1 -1
522 315
1141 325
-1 -1
522 315
1102 291
-1 -1
522 315
1058 266
-1 -1
522 313
1019 247
-1 -1
522 312
976 235
520 312
947 235
521 312
913 244
521 310
901 246
519 309
889 246
885 265
518 309
887 258
518 311
896 266
517 317
929 265
942 278
-1 -1
519 319
980 286
970 282
-1 -1
518 320
1007 295
517 321
1044 319
516 321
1083 345
-1 -1
516 319
1136 383
-1 -1
516 320
1204 434
-1 -1
-1 -1
515 318
1206 409
1193 438
1227 454
-1 -1
-1 -1
515 318
1269 508
-1 -1
513 317
1288 539
-1 -1
-1 -1
512 317
1281 549
-1 -1
514 317
1343 591
-1 -1
-1 -1
515 317
-1 -1
-1 -1
-1 -1
519 319
1012 615
-1 -1
1476 531
519 320
-1 -1
520 320
1282 641
1383 556
1372 601
-1 -1
521 318
1343 585
1353 552
-1 -1
521 317
1335 568
-1 -1
-1 -1
520 316
1278 525
1290 523
1223 624
521 315
1261 489
1265 497
-1 -1
-1 -1
519 311
1240 458
1227 455
-1 -1
-1 -1
520 312
1200 419
-1 -1
518 309
1191 387
1178 393
517 305
1142 353
515 305
1106 320
1117 311
513 305
1071 286
514 304
1032 265
524 314
991 248
524 313
949 246
523 310
919 249
521 304
904 255
-1 -1
520 302
897 258
518 299
893 262
517 300
904 264
-1 -1
516 296
915 269
515 297
950 277
513 298
998 277
-1 -1
513 298
1049 295
511 295
1099 312
-1 -1
513 295
1134 338
-1 -1
512 295
1156 351
1159 349
511 296
1238 416
513 295
1231 430
1252 476
1263 466
-1 -1
512 291
1269 464
-1 -1
510 289
1295 502
-1 -1
509 288
-1 -1
-1 -1
510 285
-1 -1
510 283
-1 -1
-1 -1
513 285
1400 582
-1 -1
-1 -1
514 285
1383 552
1379 564
-1 -1
-1 -1
514 286
1354 522
1358 568
1316 624
-1 -1
514 287
1332 505
1336 535
1299 607
-1 -1
-1 -1
514 287
1313 505
1311 493
-1 -1
514 290
1290 490
-1 -1
513 291
1238 467
1223 442
-1 -1
512 293
1185 417
1214 423
1236 502
-1 -1
510 294
1196 373
1183 381
509 295
1196 360
1138 347
508 297
1131 318
505 297
1074 281
-1 -1
505 299
1019 252
504 298
972 241
504 298
936 237
501 299
914 240
926 233
500 299
910 241
904 243
499 300
893 246
898 248
502 300
893 248
501 303
905 244
498 304
946 243
955 256
497 309
980 258
496 310
1025 274
492 314
1067 290
492 316
1107 318
-1 -1
490 320
1153 353
494 313
1195 369
499 307
1259 429
499 305
1247 432
1269 467
-1 -1
499 304
1282 447
1282 459
1265 560
499 304
1328 514
-1 -1
499 301
1320 517
-1 -1
500 302
1348 559
1370 544
-1 -1
498 303
1365 553
500 304
1365 543
-1 -1
-1 -1
499 304
1345 514
-1 -1
500 305
1332 510
1320 497
500 305
1292 509
1298 501
-1 -1
499 305
1270 481
1252 442
-1 -1
-1 -1
499 306
1241 440
497 306
1210 408
1220 406
-1 -1
497 307
1180 368
497 309
1167 342
1155 347
-1 -1
495 309
1110 312
1100 313
-1 -1
490 306
1068 277
1062 286
486 310
1002 257
486 312
961 247
487 312
926 241
485 312
909 236
485 314
891 254
898 235
483 314
874 263
475 318
880 257
474 326
892 265
470 328
899 276
469 322
966 300
944 294
469 320
996 323
466 321
1023 349
466 323
1059 377
470 326
1121 409
1103 400
472 327
1191 473
-1 -1
475 326
1206 496
-1 -1
476 326
1219 512
-1 -1
476 327
1280 537
1263 567
-1 -1
-1 -1
480 326
1257 607
-1 -1
482 326
-1 -1
-1 -1
-1 -1
486 325
-1 -1
-1 -1
488 324
-1 -1
-1 -1
487 326
1315 548
1332 560
-1 -1
486 329
1321 591
1299 535
-1 -1
-1 -1
485 334
1268 516
1273 510
-1 -1
485 335
1262 512
1273 510
-1 -1
485 331
1222 492
-1 -1
484 329
1184 452
485 328
1155 415
482 328
1133 381
483 327
1111 355
1120 351
484 327
1012 349
1116 347
486 329
1029 291
487 334
982 270
-1 -1
488 337
946 258
-1 -1
489 337
946 256
-1 -1
457 324
895 257
451 323
880 261
-1 -1
468 332
877 265
474 335
879 260
462 328
888 262
475 336
912 272
-1 -1
460 330
951 282
455 328
995 305
456 327
1033 324
453 323
1072 345
454 323
1112 378
-1 -1
463 323
1146 409
464 320
1218 440
1214 452
466 320
1218 473
1216 453
-1 -1
-1 -1
467 322
1245 491
467 322
1277 526
-1 -1
467 322
1303 526
1315 553
1290 632
-1 -1
470 322
1303 526
1315 552
1290 632
-1 -1
491 325
1319 537
-1 -1
-1 -1
491 324
1311 543
-1 -1
491 323
1303 530
473 316
1301 528
492 321
1277 500
1236 464
-1 -1
492 317
1244 476
1227 463
-1 -1
492 316
1206 433
-1 -1
492 315
1198 428
-1 -1
-1 -1
495 311
1141 365
-1 -1
496 312
1097 328
-1 -1
494 315
1063 302
-1 -1
492 315
1033 274
493 315
979 259
491 316
933 256
489 317
893 248
490 315
882 246
490 314
860 246
491 314
843 259
490 312
836 265
490 313
843 265
490 315
849 266
492 313
908 251
904 265
490 314
915 267
910 269
491 319
948 279
475 315
1010 295
475 317
1062 313
475 315
1103 338
492 319
1155 379
-1 -1
488 319
1197 403
1172 379
1181 400
-1 -1
485 316
1130 548
1214 409
1219 434
488 316
1256 468
1256 463
1231 540
-1 -1
488 316
1295 535
1269 485
-1 -1
-1 -1
490 314
1307 528
-1 -1
-1 -1
472 305
1337 531
-1 -1
-1 -1
-1 -1
473 305
-1 -1
-1 -1
472 304
-1 -1
-1 -1
472 305
1358 548
-1 -1
-1 -1
472 303
1340 541
-1 -1
-1 -1
474 305
1314 515
-1 -1
-1 -1
474 306
1303 510
1295 501
-1 -1
474 306
1256 472
1266 480
1248 573
1316 501
-1 -1
474 305
1279 480
1223 442
1256 470
-1 -1
-1 -1
473 303
1236 472
1185 408
1218 442
473 301
1175 393
-1 -1
474 304
1110 349
471 306
1122 329
1122 332
-1 -1
478 314
1086 304
-1 -1
478 315
1057 272
1046 279
-1 -1
483 317
998 255
-1 -1
489 370
958 243
470 275
475 325
919 245
480 326
894 242
482 321
873 253
479 324
858 258
-1 -1
479 325
859 259
480 326
862 259
480 328
876 261
467 320
907 263
483 329
944 266
484 330
974 280
484 327
1027 297
483 325
1081 334
467 316
1134 358
1140 351
-1 -1
468 316
1171 375
469 316
1220 406
1189 392
-1 -1
470 315
1252 451
1243 494
1299 472
469 316
1275 476
-1 -1
-1 -1
470 315
1303 506
-1 -1
472 314
1333 531
-1 -1
-1 -1
473 312
-1 -1
-1 -1
474 313
-1 -1
-1 -1
-1 -1
473 313
1374 544
-1 -1
-1 -1
-1 -1
487 319
1345 518
940 400
-1 -1
486 318
1336 521
940 400
-1 -1
470 311
1320 519
1303 505
930 402
471 313
1260 459
1292 503
1302 513
-1 -1
472 313
1265 471
1236 438
-1 -1
-1 -1
473 313
1185 404
1208 433
1257 451
489 319
1182 394
-1 -1
-1 -1
485 319
1161 368
-1 -1
484 320
1050 327
-1 -1
484 322
1075 301
-1 -1
485 322
1037 273
-1 -1
468 315
977 252
469 316
944 240
466 316
909 236
470 316
889 238
470 316
876 245
469 319
874 239
-1 -1
471 318
884 243
471 317
894 248
469 318
922 264
484 330
965 285
466 322
1013 298
469 322
1090 389
1060 326
-1 -1
474 321
1134 349
1121 355
-1 -1
478 320
1166 382
481 318
1205 416
482 312
1223 434
1248 470
1244 463
-1 -1
-1 -1
494 322
1267 537
1294 501
-1 -1
-1 -1
482 312
1358 540
-1 -1
-1 -1
481 311
-1 -1
-1 -1
-1 -1
484 312
1337 543
-1 -1
-1 -1
485 314
1358 539
-1 -1
-1 -1
497 319
1346 528
-1 -1
-1 -1
497 319
1337 529
-1 -1
-1 -1
481 313
1320 524
-1 -1
495 317
1296 510
-1 -1
494 321
1262 487
-1 -1
-1 -1
490 325
1244 467
1218 434
-1 -1
-1 -1
-1 -1
473 315
1193 424
1189 412
475 311
1163 392
-1 -1
480 310
1137 353
495 322
1099 325
483 312
1064 298
481 314
1010 269
477 315
958 259
474 312
916 244
473 316
886 247
472 317
860 248
473 315
842 259
-1 -1
473 312
835 259
-1 -1
-1 -1
473 330
838 260
-1 -1
391 246
475 331
845 266
-1 -1
390 247
489 317
863 266
475 333
886 266
387 251
486 320
941 280
488 322
1004 285
1012 290
480 321
1058 316
1049 374
476 325
1105 340
-1 -1
473 322
1130 337
1147 360
1148 347
-1 -1
477 326
1172 366
1204 404
1178 370
-1 -1
-1 -1
482 325
1245 445
-1 -1
-1 -1
479 323
1258 454
1273 472
-1 -1
479 319
1300 475
-1 -1
-1 -1
479 317
1324 510
-1 -1
-1 -1
479 319
-1 -1
-1 -1
482 321
1379 556
-1 -1
-1 -1
484 323
1379 554
-1 -1
484 322
1366 564
-1 -1
-1 -1
484 317
1341 510
-1 -1
483 317
1331 521
-1 -1
483 316
1304 511
1290 468
-1 -1
-1 -1
483 315
1273 490
1252 463
-1 -1
-1 -1
483 318
1250 458
-1 -1
483 319
1215 420
481 315
1178 384
-1 -1
478 314
1141 348
-1 -1
477 315
1093 315
-1 -1
531 247
477 318
1047 282
477 318
997 265
-1 -1
477 316
955 247
477 316
911 250
477 316
885 243
477 316
864 243
477 314
849 256
-1 -1
479 314
848 264
478 316
857 264
-1 -1
480 316
876 264
480 316
912 271
477 319
954 282
476 319
1002 283
477 319
1061 313
478 319
1100 337
-1 -1
478 320
1151 358
1121 333
-1 -1
480 319
1201 396
481 317
1254 442
-1 -1
-1 -1
481 315
1265 459
1269 468
1236 543
-1 -1
481 313
1316 510
-1 -1
-1 -1
481 313
1319 506
-1 -1
483 316
1345 531
-1 -1
-1 -1
483 315
-1 -1
-1 -1
483 315
-1 -1
-1 -1
483 316
1324 649
1362 544
1358 539
-1 -1
-1 -1
482 315
1328 505
482 315
1321 519
-1 -1
-1 -1
481 316
1305 500
1278 468
-1 -1
481 317
1261 483
1248 455
-1 -1
-1 -1
481 317
1241 453
1214 421
-1 -1
-1 -1
481 316
1235 449
1214 423
-1 -1
-1 -1
480 315
1172 384
1166 379
-1 -1
480 315
1138 349
1123 345
478 317
1080 308
493 324
1031 282
477 318
992 259
-1 -1
475 319
942 252
536 241
489 327
913 251
488 329
912 249
476 320
872 249
477 320
852 257
478 319
851 267
-1 -1
479 318
850 270
-1 -1
480 321
868 275
479 322
875 276
480 322
955 286
940 302
479 323
1016 301
1024 357
494 334
1029 405
1039 316
491 335
1096 334
-1 -1
491 335
1166 347
1155 360
-1 -1
492 336
1172 351
1155 360
-1 -1
478 327
1254 431
-1 -1
492 335
1260 438
-1 -1
479 324
1296 495
-1 -1
493 331
1317 502
-1 -1
-1 -1
495 327
-1 -1
-1 -1
495 325
-1 -1
-1 -1
496 326
1375 548
-1 -1
-1 -1
497 327
1366 526
-1 -1
1366 607
-1 -1
497 325
1341 518
-1 -1
-1 -1
495 324
1320 505
1328 501
-1 -1
496 323
1292 489
1286 489
-1 -1
-1 -1
496 324
1284 486
1286 489
-1 -1
-1 -1
496 324
1279 484
1218 442
-1 -1
495 324
1206 417
1221 434
1214 425
-1 -1
493 324
1181 386
-1 -1
494 323
1181 385
-1 -1
476 318
1112 327
-1 -1
475 317
1111 320
1105 320
-1 -1
474 318
1019 269
473 320
976 252
474 323
932 242
475 324
929 242
493 333
878 247
-1 -1
475 327
873 248
476 326
844 256
475 323
847 263
474 323
856 269
475 324
861 267
476 326
917 277
-1 -1
476 328
926 278
-1 -1
475 329
1005 304
475 327
1012 308
474 328
1111 349
1117 351
-1 -1
474 328
1111 350
1121 353
-1 -1
473 327
1197 403
-1 -1
473 327
1202 409
-1 -1
475 324
1252 472
-1 -1
-1 -1
478 325
1298 502
-1 -1
-1 -1
476 323
-1 -1
-1 -1
477 324
-1 -1
-1 -1
477 321
1379 548
1054 649
477 320
1381 550
1054 649
477 317
1358 527
-1 -1
-1 -1
477 318
1324 514
-1 -1
495 323
1313 514
-1 -1
477 319
1292 506
-1 -1
-1 -1
476 319
1260 482
1252 468
-1 -1
-1 -1
476 319
1253 477
1252 468
-1 -1
-1 -1
493 323
1185 402
492 324
1163 375
-1 -1
492 324
1124 342
-1 -1
492 324
1117 338
-1 -1
493 328
1040 284
493 327
994 259
-1 -1
494 330
946 246
492 336
905 246
476 328
881 247
477 329
858 251
493 335
850 252
-1 -1
492 335
850 252
-1 -1
476 329
858 266
477 332
872 267
477 333
898 266
477 334
904 266
478 332
1020 290
1012 279
478 331
1105 379
1056 312
478 331
1098 332
1072 326
-1 -1
477 331
1098 334
1074 349
-1 -1
478 330
1180 379
1199 391
1208 388
-1 -1
495 335
1231 417
1243 423
1249 411
494 334
1262 435
-1 -1
478 328
1301 475
-1 -1
479 329
1343 536
-1 -1
-1 -1
495 335
-1 -1
494 332
-1 -1
-1 -1
479 326
-1 -1
-1 -1
479 327
1370 518
-1 -1
-1 -1
496 334
-1 -1
-1 -1
482 325
1332 516
-1 -1
483 325
1332 516
-1 -1
482 324
1288 510
1282 464
-1 -1
482 320
1244 438
1258 476
1293 551
-1 -1
481 320
1230 445
1197 430
480 321
1185 393
480 320
1150 365
-1 -1
495 328
1102 337
1121 333
-1 -1
494 328
1061 299
478 328
1024 273
478 329
972 259
495 335
922 247
495 335
902 235
481 329
886 231
877 242
479 330
865 233
861 244
497 336
842 247
498 336
839 268
498 337
848 276
499 337
873 275
496 338
914 273
494 338
950 291
493 338
1007 307
973 315
-1 -1
493 338
1043 332
492 338
1097 356
-1 -1
492 338
1124 382
-1 -1
494 332
1197 429
495 330
1246 480
495 330
1276 492
-1 -1
495 330
1296 506
497 331
1328 556
-1 -1
-1 -1
481 326
-1 -1
-1 -1
494 330
-1 -1
-1 -1
499 330
1375 552
1391 599
-1 -1
484 324
1345 535
-1 -1
-1 -1
484 324
1332 539
-1 -1
485 326
1310 529
-1 -1
485 327
1281 510
1273 493
-1 -1
-1 -1
500 334
1256 481
1248 463
-1 -1
484 327
1236 467
1210 446
-1 -1
-1 -1
481 327
1210 423
1200 425
-1 -1
496 338
1173 385
1159 389
-1 -1
495 337
1130 350
-1 -1
494 337
1077 320
1065 331
-1 -1
494 337
1054 287
1048 297
492 338
1009 276
491 337
1018 267
1014 280
491 337
933 248
477 330
902 245
477 328
867 249
477 329
864 250
478 330
844 261
476 330
846 263
-1 -1
474 330
852 265
-1 -1
474 330
862 269
473 331
892 267
472 342
940 274
936 282
384 248
475 329
995 284
476 329
1059 301
477 326
1100 322
-1 -1
477 326
1104 326
-1 -1
479 329
1167 367
-1 -1
-1 -1
479 328
1245 412
-1 -1
480 325
1266 439
1248 438
-1 -1
479 323
1256 429
1248 438
-1 -1
480 325
1320 514
1324 518
-1 -1
-1 -1
479 326
1341 552
1313 507
-1 -1
-1 -1
480 325
1345 539
-1 -1
-1 -1
478 325
1345 533
-1 -1
-1 -1
479 322
1341 531
-1 -1
478 321
1337 531
-1 -1
-1 -1
477 317
1307 506
1290 493
1333 599
-1 -1
494 321
1296 497
1286 484
-1 -1
-1 -1
493 322
1261 475
495 323
1237 443
-1 -1
496 323
1227 412
1216 412
495 323
1169 373
-1 -1
494 324
1135 341
494 324
1130 337
490 327
1040 286
-1 -1
491 328
996 262
491 329
946 246
476 323
913 239
476 324
881 243
476 324
856 246
-1 -1
477 325
837 252
-1 -1
477 326
831 260
-1 -1
477 330
826 266
-1 -1
477 331
832 267
477 331
842 267
477 332
849 267
478 331
905 273
478 332
964 276
978 267
479 331
1018 293
-1 -1
479 329
1057 310
-1 -1
479 329
1114 344
-1 -1
479 331
1020 349
1170 362
1174 357
-1 -1
480 329
1218 383
1189 370
-1 -1
481 327
1222 387
-1 -1
480 323
1266 439
480 321
1275 465
496 326
1341 514
-1 -1
-1 -1
495 344
1379 539
-1 -1
-1 -1
474 276
496 329
-1 -1
497 328
-1 -1
-1 -1
496 328
1391 535
-1 -1
-1 -1
496 327
1391 561
1362 527
-1 -1
494 327
1332 501
1362 501
-1 -1
493 326
1362 501
1334 501
1350 590
-1 -1
496 328
1296 487
1282 463
-1 -1
-1 -1
498 328
1281 468
-1 -1
496 329
1223 412
1252 438
1283 448
-1 -1
496 329
1223 412
1252 438
1280 443
-1 -1
495 329
1193 364
1172 368
-1 -1
495 329
1185 358
1172 368
494 329
1108 311
-1 -1
493 331
1070 274
1058 288
-1 -1
494 333
1014 261
498 333
973 249
499 334
931 239
499 334
902 241
496 334
871 249
-1 -1
494 333
856 254
-1 -1
481 330
853 264
-1 -1
499 335
855 266
493 336
863 267
-1 -1
339 238
492 336
866 267
-1 -1
336 238
489 337
915 263
492 339
976 266
980 267
-1 -1
492 338
1015 277
493 338
1045 295
478 330
1099 322
-1 -1
-1 -1
479 331
1103 326
-1 -1
482 328
1185 362
1208 372
1217 366
499 333
1236 388
1235 392
1253 484
-1 -1
499 332
1278 434
-1 -1
499 330
1274 590
1307 451
-1 -1
497 327
1345 510
-1 -1
496 326
1345 510
-1 -1
498 327
-1 -1
498 328
-1 -1
-1 -1
499 331
1392 560
1391 548
-1 -1
499 332
1381 590
1391 545
-1 -1
496 332
1359 542
-1 -1
489 328
1344 521
-1 -1
483 279
504 374
1301 489
1299 472
-1 -1
-1 -1
481 278
497 333
1280 467
1252 442
-1 -1
-1 -1
498 331
1312 439
1206 412
-1 -1
-1 -1
498 332
1233 401
500 332
1187 365
-1 -1
501 333
1144 329
501 333
1097 297
500 333
1046 271
499 332
1001 255
498 331
996 253
496 332
922 246
480 329
895 263
900 237
497 338
877 264
886 240
497 340
876 264
883 241
496 338
839 362
874 248
879 235
495 338
869 241
839 362
492 338
870 258
492 339
881 264
497 381
913 275
483 289
482 338
943 297
-1 -1
484 338
999 306
999 311
-1 -1
491 339
1033 335
-1 -1
490 340
1099 347
1100 356
-1 -1
488 337
1135 385
487 337
1185 399
-1 -1
489 336
1204 440
1189 442
1271 463
-1 -1
490 336
1250 481
1256 480
-1 -1
491 336
1248 480
1256 480
-1 -1
478 331
1310 530
-1 -1
478 331
1315 534
-1 -1
478 330
1344 540
-1 -1
479 331
1356 540
-1 -1
479 331
1348 560
478 331
1322 525
1324 501
-1 -1
478 330
1277 493
1273 476
-1 -1
-1 -1
478 328
1277 503
1257 476
-1 -1
478 327
1269 477
1261 476
-1 -1
479 328
1269 466
1172 400
1168 417
-1 -1
496 330
1268 463
1185 412
1168 417
-1 -1
495 333
1162 369
-1 -1
488 332
1134 339
1123 347
-1 -1
-1 -1
497 375
1123 346
1131 335
-1 -1
-1 -1
480 286
491 337
1049 287
491 339
1044 284
492 341
955 256
-1 -1
490 342
915 250
489 340
880 246
-1 -1
489 337
857 251
491 337
839 254
491 337
832 270
492 337
832 274
-1 -1
491 337
833 277
-1 -1
493 340
852 274
492 357
882 275
-1 -1
476 288
479 337
927 272
473 333
931 273
