1516.361675262039 529.6774185002773 1
1442.9095564705683 554.1618469909503 1
1345.595634232614 475.33634498625634 1
1265.3257181869876 566.1761820787439 1
1428.7708175026103 610.4272365212404 1
1139.2918627483991 481.3311538595148 1
1296.2792864917878 569.5151195183676 1
1099.674993357305 569.6101035799495 1
1173.926661432066 426.9703112024841 1
1316.3173536092493 777.8208723102732 1
1289.6258234572265 421.778506918974 1
1379.4079470522424 784.6786729027218 1
1364.145155218169 560.5450610950012 1
1495.3402745821388 598.2586674563767 1
1276.9209746794309 441.71557942608126 1
1218.768876668674 594.3242795038002 1
1441.4524382819081 523.5041395285347 1
1511.6256361966814 458.8911848212959 1
1243.6015992548332 624.9737163356194 1
1248.8840805116251 472.5393938525407 1
1152.6980391802097 426.559884218277 1
1223.6024884638164 616.1811953478301 1
1309.2143942923187 786.3006435092952 1
1428.5703012295348 452.2504434233351 1
1089.082899263552 472.60720631996315 1
1393.9466337572262 781.5054512299264 1
1584.4040071040124 538.5097495879421 1
1366.7451840006454 408.51372381129397 1
1522.0634346579136 620.7283291089469 1
1298.2159005244532 526.1103276051514 1
1212.3371851614238 564.2343231530493 1
1354.5878094216635 510.25801402111904 1
1195.028857998374 503.38639440848954 1
1189.672960588411 530.0734249325014 1
1207.2072204052301 563.695891544663 1
1327.134236991772 611.2491938634571 1
968.7008270159467 557.7267559836934 1
1207.275900036569 439.84343386822997 1
1151.295533926382 546.2409285712744 1
1295.2790200220406 466.91812537664134 1
1299.641130202014 482.24797111175275 1
1470.305629248725 781.3029857041184 1
1051.1968485379336 550.4611006540023 1
1376.66715397399 558.8868084565177 1
1391.3427909222407 534.485942659572 1
1219.652497432502 638.5946159948385 1
1468.5419298367026 654.3778877057352 1
1239.8010757767195 405.41231911991053 1
1487.738818645994 952.9662761974806 1
1300.745684033023 587.7694337406953 1
1146.5842703529663 634.8652244611101 1
1471.9893811784448 502.9019317308465 1
1325.0213332506555 557.4949430776842 1
1418.6750854700947 327.6972113180336 1
1237.1888842695614 439.251078114651 1
1540.836369510273 702.8707793646446 1
1245.7108403005059 274.72271840305245 1
1363.0865864190882 529.9689262505009 1
1339.0653008718427 507.3844329301576 1
1656.154369511898 661.4906061648401 1
1502.905871514105 536.4249735936339 1
1158.8276010096474 682.1106458009212 1
1214.0781095778107 381.4893702979548 1
1392.0630740337058 589.8135425651026 1
1303.1227262905934 597.7660155737152 1
1332.1142742479499 794.1355604650394 1
1196.145986046125 540.5740773865901 1
1495.804793622792 477.18218487019874 1
1503.7576271866326 527.4631216544811 1
1302.8816648263005 427.566224705846 1
1479.9795805185313 380.2987866183621 1
1456.7656248505375 547.4169629094823 1
1520.2710207540194 454.40167868174194 1
1376.6353455163169 577.1177569224209 1
1262.5521877363697 371.7387322205034 1
1519.005116058194 362.6270434084515 1
1240.5833583551191 716.3771032708679 1
1265.9174644553457 485.6271095127566 1
1357.8499571938619 436.1515937779378 1
1455.7427151202874 392.56144581164915 1
672.5618143424538 323.2952981042287 0
1240.1089000311827 270.1837209526668 0
844.4717689089322 346.73143919428225 0
589.3282697867576 347.84524057382094 0
1426.754067893157 34.05917422058201 0
1238.4296753811434 150.49988804932892 0
1176.4349751299712 -15.875923247187757 0
1092.6498486863259 359.42063344942966 0
889.4556961883096 278.4367280779223 0
1073.9742735814227 485.0015788766949 0
614.8189330913641 352.2034971307075 0
671.8967040151944 158.67797650312713 0
1415.9123743499995 362.535828067417 0
1280.902749395644 259.622978516762 0
759.7560235851406 262.8308935854229 0
1009.2072493220865 447.0126594784881 0
674.4892044449615 306.52335285250547 0
1016.5210243786246 457.5947900230733 0
934.7420043388947 342.1907456073954 0
786.5068121355109 216.90792911102335 0
868.9925342934687 653.7491877642221 0
903.1461290137267 165.64252251481435 0
1136.0253074165455 134.58887181127523 0
991.7602076665441 98.70612844641144 0
1004.81903195908 263.4710299291691 0
1244.1342672260973 283.1854552899462 0
778.5806378100192 329.4668349778519 0
447.40237073135916 230.27174959076694 0
836.4865679786999 758.8225814470638 0
814.2474193133172 -17.845758713468797 0
239.70039568594564 360.3642124574895 0
399.76844084882526 240.1299638246802 0
1086.3768394187214 25.964576758917246 0
754.006309299825 367.05200334538165 0
968.4985135543719 518.6369470113561 0
369.29405928304305 432.2858743868529 0
893.7171886669455 347.75919547868676 0
609.9653763020126 300.5214230758536 0
806.6986102153644 110.99029639240888 0
745.8127901639373 232.4439429506666 0
714.0988626546484 326.1802354572026 0
677.1986998373368 158.95133915321225 0
1168.3477129823245 362.0207825412506 0
932.7690472341833 245.07671164268248 0
594.5121310988101 272.6981492335911 0
947.1140431548199 226.7115657059428 0
330.3793793645664 404.09512412446054 0
1480.613264713173 337.26377881473115 0
1579.1069644023441 -81.28229007642034 0
1022.7413426007013 63.76544054530035 0
1300.1267861279707 280.1512309416871 0
1403.7869371120673 -68.15118787081144 0
1039.2587494496884 315.46894577803505 0
1052.2238780263046 267.3111210839047 0
705.7370263056658 154.10759653899993 0
550.2483602742939 329.1604964406074 0
1252.4801124343096 203.33166935985065 0
819.6748015363818 104.29439780699687 0
1055.1927757084186 436.15659027147103 0
1108.3448798400527 143.6797681540962 0
231.53856527744153 1.4363872669308648 0
524.2208435634691 408.9650585848359 0
1039.3737517127051 278.4058813509241 0
404.1412529087571 336.674019842897 0
384.9770097380027 447.01938298590335 0
1151.6337789572694 393.00117841023217 0
596.5696116384797 449.4798925176306 0
1228.6090214598548 187.25340772295635 0
806.2750285561981 302.04790965055497 0
1352.0460254403902 97.50786010318885 0
649.739549019135 199.26727834932228 0
-242.1504931831007 488.1277604289487 0
395.62423449426393 339.54472696197917 0
820.4363637647151 3.389780878800707 0
1408.183932285516 382.8850554037387 0
660.4265921866922 277.8472940119962 0
910.8169608313418 63.77318253559491 0
1591.832478520556 683.5200042807562 0
678.7989873658028 507.88076491080096 0
647.467101804056 217.3532125171011 0
