[240, 0, 3]
[242, 0, 5]
[128, 8, 19]
[129, 10, 20]
[128, 9, 19]
[130, 11, 21]
[132, 9, 16]
[128, 12, 18]
[128, 14, 15]
[128, 13, 16]
[137, 7, 17]
[128, 13, 15]
[128, 15, 13]
[211, 0, 6]
[208, 1, 6]
[208, 0, 9]
[215, 0, 5]
[210, 2, 9]
[128, 8, 19]
[211, 0, 6]
[240, 0, 0]
[244, 0, 5]
[240, 0, 3]
[240, 0, 4]
[129, 10, 20]
[128, 9, 19]
[130, 11, 21]
[132, 9, 16]
[208, 1, 6]
[247, 0, 10]
[234, 0, 9]
[128, 12, 18]
[208, 0, 9]
[244, 0, 11]
[242, 0, 11]
[128, 14, 15]
[128, 13, 16]
[137, 7, 17]
[215, 0, 5]
[241, 0, 5]
[242, 0, 5]
[128, 13, 15]
[210, 2, 9]
[239, 1, 6]
[241, 0, 7]
[242, 0, 6]
[128, 15, 13]
