-1 -1
-1 -1
-1 -1
-1 -1
489 666
-1 -1
480 700
489 666
-1 -1
480 700
489 666
-1 -1
-1 -1
-1 -1
480 691
489 661
-1 -1
480 683
489 659
-1 -1
-1 -1
489 659
-1 -1
-1 -1
489 658
-1 -1
489 658
497 683
-1 -1
489 658
492 683
-1 -1
489 652
-1 -1
-1 -1
489 650
-1 -1
497 675
-1 -1
-1 -1
489 650
497 679
-1 -1
483 660
-1 -1
-1 -1
481 663
-1 -1
481 671
506 683
-1 -1
491 664
-1 -1
471 684
-1 -1
481 668
-1 -1
485 662
-1 -1
486 653
472 675
-1 -1
500 650
476 675
-1 -1
-1 -1
-1 -1
503 653
472 675
-1 -1
496 675
472 675
-1 -1
496 672
472 675
-1 -1
485 670
-1 -1
487 663
-1 -1
482 664
-1 -1
491 661
-1 -1
-1 -1
-1 -1
-1 -1
490 669
-1 -1
-1 -1
489 658
-1 -1
-1 -1
548 632
489 658
-1 -1
-1 -1
489 658
-1 -1
-1 -1
489 658
-1 -1
489 658
-1 -1
1468 582
472 708
489 658
-1 -1
489 662
-1 -1
-1 -1
-1 -1
489 664
-1 -1
-1 -1
-1 -1
489 664
-1 -1
-1 -1
-1 -1
480 708
489 665
-1 -1
-1 -1
489 665
-1 -1
-1 -1
-1 -1
480 683
500 661
-1 -1
-1 -1
-1 -1
489 675
495 660
-1 -1
489 658
497 666
-1 -1
489 662
502 666
-1 -1
489 664
504 671
-1 -1
483 664
504 669
-1 -1
485 661
505 672
-1 -1
487 660
501 673
-1 -1
487 659
-1 -1
483 662
-1 -1
485 660
-1 -1
487 659
-1 -1
487 658
-1 -1
-1 -1
488 658
-1 -1
488 662
-1 -1
488 670
-1 -1
455 683
-1 -1
-1 -1
483 678
455 683
-1 -1
481 681
-1 -1
485 679
-1 -1
486 672
480 658
-1 -1
483 673
480 666
-1 -1
-1 -1
480 671
480 683
-1 -1
-1 -1
-1 -1
-1 -1
491 669
485 671
-1 -1
506 675
483 668
-1 -1
-1 -1
506 666
481 667
-1 -1
506 666
481 666
-1 -1
-1 -1
514 666
485 666
-1 -1
1459 573
514 675
487 661
-1 -1
489 666
1324 658
1459 573
-1 -1
489 661
-1 -1
-1 -1
-1 -1
-1 -1
489 663
-1 -1
-1 -1
-1 -1
489 660
-1 -1
-1 -1
480 691
489 659
-1 -1
-1 -1
-1 -1
489 658
-1 -1
-1 -1
-1 -1
497 666
489 658
-1 -1
-1 -1
-1 -1
497 677
489 662
-1 -1
489 658
492 680
-1 -1
493 658
-1 -1
-1 -1
495 658
-1 -1
-1 -1
495 658
-1 -1
496 652
-1 -1
496 654
-1 -1
492 656
-1 -1
491 661
-1 -1
490 660
-1 -1
489 663
480 675
-1 -1
489 661
-1 -1
489 659
-1 -1
489 659
480 683
-1 -1
489 658
-1 -1
489 658
-1 -1
489 662
480 675
-1 -1
489 664
-1 -1
489 661
489 675
-1 -1
483 669
483 679
-1 -1
485 672
-1 -1
-1 -1
487 670
-1 -1
-1 -1
-1 -1
492 668
489 683
-1 -1
494 662
489 671
-1 -1
-1 -1
489 666
-1 -1
548 658
489 666
-1 -1
489 666
-1 -1
548 658
489 666
-1 -1
-1 -1
548 666
493 661
-1 -1
-1 -1
-1 -1
548 666
491 663
-1 -1
-1 -1
-1 -1
490 664
548 661
-1 -1
-1 -1
-1 -1
-1 -1
548 666
490 661
-1 -1
-1 -1
-1 -1
493 659
-1 -1
480 683
495 658
-1 -1
539 664
-1 -1
495 658
-1 -1
-1 -1
-1 -1
489 658
540 666
-1 -1
489 652
-1 -1
-1 -1
489 654
-1 -1
-1 -1
489 656
-1 -1
489 656
514 683
-1 -1
489 657
-1 -1
483 662
-1 -1
481 670
-1 -1
-1 -1
485 664
-1 -1
486 664
-1 -1
-1 -1
-1 -1
487 665
-1 -1
483 665
-1 -1
481 665
-1 -1
481 671
-1 -1
-1 -1
485 663
-1 -1
486 660
-1 -1
487 662
-1 -1
488 664
497 683
-1 -1
488 660
-1 -1
488 669
-1 -1
488 672
-1 -1
488 669
-1 -1
548 632
-1 -1
-1 -1
-1 -1
488 663
-1 -1
548 666
489 658
-1 -1
-1 -1
489 662
-1 -1
489 666
-1 -1
548 632
-1 -1
493 666
-1 -1
-1 -1
548 691
497 666
-1 -1
-1 -1
497 661
-1 -1
497 658
-1 -1
-1 -1
548 700
-1 -1
497 658
-1 -1
-1 -1
-1 -1
548 683
497 658
-1 -1
497 658
-1 -1
-1 -1
497 658
480 666
-1 -1
497 658
-1 -1
497 658
-1 -1
480 666
-1 -1
497 662
-1 -1
480 666
-1 -1
492 670
-1 -1
-1 -1
490 668
-1 -1
490 667
-1 -1
484 671
-1 -1
485 673
-1 -1
-1 -1
482 670
-1 -1
485 668
-1 -1
482 662
-1 -1
481 660
-1 -1
480 669
-1 -1
480 668
-1 -1
-1 -1
480 671
-1 -1
480 669
-1 -1
480 668
-1 -1
484 677
-1 -1
-1 -1
-1 -1
489 675
-1 -1
489 658
540 666
-1 -1
-1 -1
489 666
-1 -1
-1 -1
-1 -1
531 675
489 666
-1 -1
489 666
531 669
-1 -1
540 658
1459 523
489 671
-1 -1
548 658
489 669
-1 -1
548 662
489 667
-1 -1
489 667
-1 -1
548 666
-1 -1
-1 -1
-1 -1
536 677
489 666
-1 -1
489 666
-1 -1
533 676
-1 -1
489 666
-1 -1
526 675
-1 -1
-1 -1
489 675
-1 -1
480 675
-1 -1
480 669
-1 -1
485 667
-1 -1
-1 -1
487 671
-1 -1
-1 -1
487 672
-1 -1
484 673
-1 -1
482 678
489 658
-1 -1
481 671
480 675
-1 -1
480 668
480 675
-1 -1
480 662
-1 -1
480 663
480 683
-1 -1
480 660
-1 -1
480 659
-1 -1
480 658
-1 -1
480 668
455 675
-1 -1
480 685
-1 -1
485 683
-1 -1
482 683
-1 -1
486 683
-1 -1
487 672
472 666
-1 -1
488 684
-1 -1
488 672
-1 -1
-1 -1
-1 -1
-1 -1
548 658
489 666
-1 -1
489 666
-1 -1
541 664
489 666
-1 -1
-1 -1
-1 -1
-1 -1
489 666
-1 -1
-1 -1
-1 -1
489 666
548 658
-1 -1
-1 -1
548 662
489 666
-1 -1
-1 -1
489 666
-1 -1
489 666
-1 -1
489 666
-1 -1
548 658
-1 -1
489 658
-1 -1
521 669
-1 -1
489 652
-1 -1
489 658
489 666
-1 -1
-1 -1
489 666
489 658
-1 -1
489 649
480 666
-1 -1
489 654
472 666
-1 -1
489 656
514 683
-1 -1
489 662
-1 -1
489 664
-1 -1
489 661
-1 -1
489 660
-1 -1
489 659
-1 -1
489 659
-1 -1
489 662
-1 -1
489 664
-1 -1
489 665
-1 -1
489 665
-1 -1
489 661
-1 -1
-1 -1
489 660
-1 -1
-1 -1
489 659
-1 -1
489 658
-1 -1
489 662
-1 -1
489 670
-1 -1
489 672
489 683
-1 -1
489 670
-1 -1
-1 -1
514 683
-1 -1
489 668
-1 -1
-1 -1
-1 -1
-1 -1
-1 -1
489 683
489 667
-1 -1
-1 -1
-1 -1
548 658
489 667
-1 -1
548 658
489 683
489 662
-1 -1
-1 -1
556 666
493 683
493 660
-1 -1
556 666
491 659
-1 -1
556 671
490 658
-1 -1
-1 -1
556 675
490 662
-1 -1
-1 -1
556 679
489 663
-1 -1
-1 -1
556 683
489 664
-1 -1
556 666
-1 -1
489 665
-1 -1
-1 -1
-1 -1
548 658
-1 -1
489 665
-1 -1
-1 -1
-1 -1
-1 -1
548 658
489 661
-1 -1
489 658
-1 -1
-1 -1
-1 -1
489 652
514 683
-1 -1
489 654
-1 -1
489 656
-1 -1
497 683
-1 -1
489 661
502 683
-1 -1
489 663
-1 -1
514 683
-1 -1
489 664
514 683
-1 -1
489 665
-1 -1
-1 -1
483 671
-1 -1
485 669
-1 -1
487 668
-1 -1
487 667
480 683
-1 -1
488 667
-1 -1
488 666
-1 -1
483 666
-1 -1
481 666
-1 -1
485 666
-1 -1
486 666
-1 -1
487 671
-1 -1
488 669
-1 -1
-1 -1
488 678
489 683
-1 -1
493 672
-1 -1
491 669
-1 -1
540 666
-1 -1
-1 -1
490 672
-1 -1
-1 -1
-1 -1
556 675
490 669
-1 -1
-1 -1
489 667
-1 -1
-1 -1
556 675
489 662
-1 -1
556 669
489 663
-1 -1
556 675
493 664
1434 523
-1 -1
-1 -1
556 675
495 664
1434 517
-1 -1
-1 -1
-1 -1
495 670
-1 -1
556 666
-1 -1
496 668
-1 -1
497 666
-1 -1
-1 -1
-1 -1
-1 -1
-1 -1
556 663
497 666
-1 -1
-1 -1
-1 -1
548 658
492 666
-1 -1
-1 -1
-1 -1
497 666
-1 -1
492 661
480 683
548 658
-1 -1
490 659
480 683
-1 -1
493 662
531 664
-1 -1
491 670
514 683
-1 -1
490 672
514 687
-1 -1
489 669
-1 -1
484 672
-1 -1
485 669
-1 -1
486 672
-1 -1
487 663
-1 -1
488 664
480 683
-1 -1
488 660
-1 -1
488 659
-1 -1
488 662
-1 -1
488 663
-1 -1
488 670
-1 -1
483 678
-1 -1
480 675
-1 -1
485 677
-1 -1
514 683
-1 -1
487 680
-1 -1
487 672
-1 -1
-1 -1
-1 -1
-1 -1
548 683
492 669
-1 -1
-1 -1
-1 -1
548 658
491 667
-1 -1
-1 -1
552 658
494 666
-1 -1
565 675
489 658
492 666
-1 -1
-1 -1
559 675
490 661
-1 -1
-1 -1
556 666
490 663
-1 -1
-1 -1
556 666
493 660
-1 -1
-1 -1
556 671
495 659
-1 -1
556 666
495 662
-1 -1
556 666
492 663
-1 -1
-1 -1
556 666
491 664
-1 -1
-1 -1
-1 -1
548 666
497 683
490 665
-1 -1
489 666
-1 -1
-1 -1
489 671
506 683
-1 -1
489 669
-1 -1
489 667
-1 -1
489 667
-1 -1
489 666
-1 -1
483 671
-1 -1
485 669
-1 -1
487 667
-1 -1
487 671
-1 -1
488 669
480 683
-1 -1
488 667
759 658
480 683
-1 -1
488 667
480 678
-1 -1
-1 -1
488 666
480 676
-1 -1
-1 -1
483 666
-1 -1
485 661
-1 -1
-1 -1
487 663
-1 -1
487 670
-1 -1
-1 -1
-1 -1
488 668
-1 -1
493 672
489 683
-1 -1
-1 -1
-1 -1
491 663
500 683
-1 -1
-1 -1
-1 -1
-1 -1
498 683
490 664
-1 -1
-1 -1
556 675
490 664
-1 -1
497 666
-1 -1
556 683
-1 -1
-1 -1
556 658
497 666
-1 -1
-1 -1
556 666
497 666
-1 -1
556 666
497 666
-1 -1
-1 -1
556 666
497 666
-1 -1
497 675
551 661
-1 -1
-1 -1
549 659
497 675
-1 -1
-1 -1
497 675
-1 -1
-1 -1
492 675
-1 -1
-1 -1
-1 -1
489 658
494 669
-1 -1
-1 -1
-1 -1
489 658
495 671
-1 -1
480 675
492 668
-1 -1
489 666
-1 -1
493 666
480 675
-1 -1
495 661
480 679
-1 -1
495 663
480 681
-1 -1
-1 -1
492 664
-1 -1
491 664
514 691
-1 -1
490 665
-1 -1
489 670
-1 -1
489 668
-1 -1
489 672
-1 -1
489 685
480 683
-1 -1
489 681
-1 -1
489 672
489 683
-1 -1
489 669
-1 -1
489 667
-1 -1
489 667
-1 -1
489 666
-1 -1
489 666
-1 -1
489 666
514 683
-1 -1
483 670
-1 -1
519 683
-1 -1
485 672
-1 -1
-1 -1
556 675
489 666
-1 -1
-1 -1
-1 -1
556 675
493 666
-1 -1
-1 -1
556 679
495 666
-1 -1
497 666
556 677
-1 -1
-1 -1
556 676
502 661
-1 -1
556 676
500 663
-1 -1
556 675
503 664
-1 -1
-1 -1
-1 -1
-1 -1
556 675
500 670
-1 -1
497 666
-1 -1
-1 -1
556 666
497 666
-1 -1
497 658
-1 -1
556 666
-1 -1
-1 -1
-1 -1
556 671
489 666
-1 -1
548 666
-1 -1
489 675
493 671
-1 -1
548 666
-1 -1
483 675
495 673
-1 -1
492 669
-1 -1
539 679
-1 -1
494 668
-1 -1
-1 -1
492 667
-1 -1
490 671
-1 -1
490 673
514 691
-1 -1
489 673
-1 -1
-1 -1
489 674
-1 -1
489 674
-1 -1
489 670
-1 -1
489 668
-1 -1
489 667
480 683
-1 -1
489 661
480 683
-1 -1
489 669
-1 -1
489 672
-1 -1
-1 -1
489 678
-1 -1
-1 -1
489 681
-1 -1
489 672
-1 -1
-1 -1
489 673
514 683
-1 -1
489 669
-1 -1
514 683
-1 -1
489 667
-1 -1
514 683
-1 -1
493 666
548 678
-1 -1
495 666
554 676
-1 -1
556 666
497 666
-1 -1
-1 -1
556 658
502 666
-1 -1
556 662
500 666
-1 -1
556 664
498 666
-1 -1
-1 -1
556 675
498 666
-1 -1
-1 -1
551 675
1434 506
497 666
-1 -1
-1 -1
549 679
497 666
-1 -1
-1 -1
-1 -1
497 666
-1 -1
-1 -1
-1 -1
472 708
502 666
-1 -1
-1 -1
-1 -1
472 708
504 666
-1 -1
-1 -1
-1 -1
500 666
-1 -1
-1 -1
-1 -1
493 666
480 658
-1 -1
494 661
548 649
-1 -1
495 659
548 649
-1 -1
491 659
480 683
-1 -1
490 662
-1 -1
480 683
-1 -1
489 663
-1 -1
489 670
-1 -1
489 672
-1 -1
483 679
-1 -1
485 677
472 675
-1 -1
486 676
-1 -1
487 670
-1 -1
488 672
-1 -1
488 669
-1 -1
488 667
-1 -1
483 661
497 675
-1 -1
481 659
497 675
-1 -1
485 662
-1 -1
486 663
-1 -1
-1 -1
487 664
514 683
-1 -1
-1 -1
488 664
514 683
-1 -1
488 670
525 683
-1 -1
488 672
535 678
-1 -1
-1 -1
556 675
493 669
-1 -1
-1 -1
556 679
495 672
-1 -1
556 675
495 673
-1 -1
556 675
496 674
-1 -1
-1 -1
496 669
-1 -1
-1 -1
496 668
-1 -1
-1 -1
548 658
496 667
-1 -1
-1 -1
496 666
-1 -1
489 666
556 658
-1 -1
-1 -1
548 658
497 666
-1 -1
-1 -1
-1 -1
552 669
492 666
-1 -1
-1 -1
-1 -1
554 672
490 666
-1 -1
489 666
-1 -1
489 666
548 666
-1 -1
489 666
548 666
-1 -1
489 661
548 666
-1 -1
489 663
-1 -1
489 670
514 691
-1 -1
489 672
-1 -1
489 673
-1 -1
489 674
-1 -1
489 670
-1 -1
493 668
759 666
-1 -1
495 667
759 666
-1 -1
492 666
-1 -1
491 661
-1 -1
490 663
-1 -1
489 664
-1 -1
-1 -1
489 664
-1 -1
489 665
-1 -1
-1 -1
-1 -1
489 670
506 683
-1 -1
-1 -1
489 672
506 683
-1 -1
-1 -1
-1 -1
489 673
497 666
-1 -1
-1 -1
-1 -1
493 663
-1 -1
491 664
548 658
-1 -1
-1 -1
497 666
-1 -1
-1 -1
548 683
497 666
-1 -1
492 666
-1 -1
548 691
490 666
-1 -1
548 683
490 666
-1 -1
-1 -1
548 683
489 666
-1 -1
548 683
489 666
-1 -1
552 640
489 666
-1 -1
554 633
489 666
-1 -1
-1 -1
-1 -1
493 666
-1 -1
-1 -1
-1 -1
-1 -1
501 661
-1 -1
497 666
-1 -1
-1 -1
497 661
-1 -1
497 663
480 658
-1 -1
-1 -1
492 670
480 662
-1 -1
490 668
-1 -1
490 672
-1 -1
489 673
-1 -1
489 674
-1 -1
489 679
-1 -1
489 681
-1 -1
-1 -1
493 682
-1 -1
-1 -1
491 678
-1 -1
490 671
-1 -1
490 662
-1 -1
484 659
-1 -1
486 661
-1 -1
487 662
-1 -1
-1 -1
487 660
506 666
-1 -1
488 662
-1 -1
492 663
514 666
-1 -1
494 664
525 677
-1 -1
492 670
-1 -1
494 668
-1 -1
495 667
565 666
-1 -1
501 662
-1 -1
-1 -1
565 666
500 660
-1 -1
565 666
499 659
-1 -1
559 666
498 658
-1 -1
493 662
-1 -1
557 666
-1 -1
-1 -1
557 666
494 663
-1 -1
-1 -1
501 661
-1 -1
497 658
556 658
-1 -1
-1 -1
-1 -1
556 662
497 666
-1 -1
556 658
-1 -1
497 666
-1 -1
551 658
-1 -1
489 675
497 661
-1 -1
489 658
-1 -1
556 658
-1 -1
489 658
-1 -1
480 666
-1 -1
489 662
485 677
-1 -1
-1 -1
489 664
492 680
-1 -1
489 664
-1 -1
-1 -1
489 665
-1 -1
489 665
-1 -1
-1 -1
493 665
-1 -1
491 661
-1 -1
490 663
-1 -1
490 664
-1 -1
489 665
-1 -1
489 665
489 666
-1 -1
489 661
477 677
-1 -1
489 663
-1 -1
489 664
-1 -1
489 664
-1 -1
-1 -1
-1 -1
489 665
-1 -1
493 665
-1 -1
491 665
514 683
-1 -1
490 665
509 683
-1 -1
490 677
540 666
489 666
-1 -1
493 672
556 675
-1 -1
495 663
-1 -1
556 658
-1 -1
495 660
-1 -1
556 658
-1 -1
-1 -1
-1 -1
548 675
496 662
-1 -1
-1 -1
-1 -1
548 669
496 663
-1 -1
-1 -1
548 667
496 664
-1 -1
-1 -1
548 667
496 665
-1 -1
548 666
496 665
-1 -1
-1 -1
556 666
496 665
-1 -1
-1 -1
-1 -1
-1 -1
502 665
-1 -1
-1 -1
-1 -1
556 666
504 665
-1 -1
506 666
-1 -1
480 658
506 666
-1 -1
497 675
-1 -1
-1 -1
497 675
480 658
-1 -1
497 675
-1 -1
497 675
-1 -1
492 675
489 683
-1 -1
490 669
-1 -1
490 671
-1 -1
489 668
-1 -1
483 677
-1 -1
485 676
480 666
-1 -1
486 676
480 666
-1 -1
487 670
480 666
-1 -1
487 668
469 671
-1 -1
488 667
-1 -1
488 661
-1 -1
488 659
-1 -1
483 662
-1 -1
491 660
-1 -1
-1 -1
494 662
489 675
-1 -1
492 663
514 683
-1 -1
491 664
514 678
-1 -1
-1 -1
-1 -1
490 670
540 670
-1 -1
493 668
-1 -1
552 667
-1 -1
495 667
554 666
-1 -1
496 662
-1 -1
496 660
-1 -1
-1 -1
556 658
496 662
-1 -1
-1 -1
556 658
492 670
-1 -1
-1 -1
491 668
-1 -1
556 666
493 662
-1 -1
-1 -1
561 647
495 660
-1 -1
-1 -1
-1 -1
495 662
-1 -1
-1 -1
-1 -1
496 664
-1 -1
-1 -1
-1 -1
-1 -1
496 664
-1 -1
-1 -1
-1 -1
548 649
501 665
-1 -1
480 658
504 665
-1 -1
-1 -1
-1 -1
-1 -1
500 665
-1 -1
-1 -1
-1 -1
-1 -1
499 665
-1 -1
497 666
-1 -1
480 666
-1 -1
497 666
-1 -1
-1 -1
492 666
548 658
-1 -1
490 666
-1 -1
552 658
-1 -1
490 666
-1 -1
489 666
-1 -1
500 666
-1 -1
499 677
-1 -1
503 676
489 666
-1 -1
500 675
483 666
-1 -1
494 675
481 661
-1 -1
491 670
-1 -1
493 668
480 666
-1 -1
-1 -1
495 667
480 666
-1 -1
-1 -1
495 666
-1 -1
492 671
-1 -1
497 675
-1 -1
500 668
-1 -1
509 667
-1 -1
496 671
489 658
573 683
-1 -1
492 673
489 658
-1 -1
-1 -1
-1 -1
500 669
-1 -1
-1 -1
-1 -1
509 668
489 658
-1 -1
503 667
489 658
-1 -1
-1 -1
-1 -1
494 666
-1 -1
-1 -1
495 661
-1 -1
-1 -1
495 659
-1 -1
492 659
-1 -1
556 675
493 658
-1 -1
495 658
-1 -1
556 679
-1 -1
501 658
-1 -1
561 677
-1 -1
503 658
576 640
-1 -1
-1 -1
497 666
-1 -1
-1 -1
-1 -1
-1 -1
548 658
502 661
-1 -1
-1 -1
-1 -1
-1 -1
552 658
504 663
-1 -1
-1 -1
-1 -1
548 658
504 664
-1 -1
497 666
-1 -1
497 666
548 658
-1 -1
497 671
-1 -1
497 669
-1 -1
497 667
-1 -1
492 671
-1 -1
490 673
-1 -1
490 669
-1 -1
489 672
-1 -1
-1 -1
489 678
-1 -1
-1 -1
489 681
-1 -1
-1 -1
-1 -1
-1 -1
489 678
-1 -1
489 677
-1 -1
-1 -1
489 664
-1 -1
489 653
-1 -1
489 650
-1 -1
-1 -1
489 653
506 666
-1 -1
489 659
-1 -1
514 675
-1 -1
493 659
523 675
-1 -1
491 669
-1 -1
523 679
-1 -1
490 672
-1 -1
490 670
556 658
-1 -1
-1 -1
-1 -1
-1 -1
489 666
-1 -1
556 666
-1 -1
493 661
-1 -1
556 666
-1 -1
495 663
-1 -1
489 666
556 658
-1 -1
489 666
556 658
-1 -1
489 666
556 658
-1 -1
493 666
556 658
-1 -1
495 666
-1 -1
495 666
-1 -1
556 658
-1 -1
-1 -1
-1 -1
556 658
496 666
-1 -1
556 658
-1 -1
496 671
-1 -1
556 662
-1 -1
496 669
-1 -1
497 660
-1 -1
-1 -1
496 667
-1 -1
490 659
-1 -1
-1 -1
496 667
-1 -1
489 666
506 675
-1 -1
500 661
-1 -1
540 655
489 658
-1 -1
-1 -1
498 659
540 657
489 658
-1 -1
-1 -1
494 659
-1 -1
491 658
-1 -1
490 662
548 666
-1 -1
490 663
-1 -1
489 670
540 683
-1 -1
489 673
-1 -1
489 670
-1 -1
489 668
-1 -1
489 667
464 641
-1 -1
489 667
464 635
-1 -1
484 666
-1 -1
485 666
480 658
-1 -1
-1 -1
487 666
-1 -1
487 666
