447 480
1172 388
1189 396
-1 -1
-1 -1
447 480
1130 396
-1 -1
447 480
1130 396
-1 -1
441 480
1095 391
1071 396
-1 -1
-1 -1
439 480
1089 389
-1 -1
439 480
1043 383
-1 -1
438 480
1038 380
-1 -1
438 480
999 379
-1 -1
438 480
949 367
-1 -1
438 480
-1 -1
911 345
433 480
-1 -1
869 345
-1 -1
431 480
835 337
-1 -1
-1 -1
431 480
793 345
430 480
767 345
-1 -1
430 480
725 354
-1 -1
430 480
720 358
430 480
712 373
430 480
704 384
430 480
705 381
430 480
711 380
-1 -1
430 480
727 361
-1 -1
430 480
759 320
759 345
-1 -1
-1 -1
430 480
801 329
-1 -1
430 485
835 317
-1 -1
430 483
887 314
430 481
931 313
430 481
982 312
430 485
1058 329
430 487
1096 345
1096 345
-1 -1
-1 -1
430 483
1164 371
-1 -1
430 482
1206 396
-1 -1
-1 -1
430 481
-1 -1
-1 -1
430 480
1333 447
-1 -1
430 480
-1 -1
430 480
-1 -1
-1 -1
-1 -1
430 480
-1 -1
430 480
-1 -1
1290 430
-1 -1
434 480
1223 413
1215 421
-1 -1
432 480
1188 417
1164 396
-1 -1
-1 -1
431 480
1245 530
-1 -1
431 480
1099 407
1063 362
-1 -1
-1 -1
430 480
1037 362
-1 -1
-1 -1
-1 -1
430 480
995 354
-1 -1
430 485
960 348
-1 -1
430 487
917 326
-1 -1
430 487
881 315
-1 -1
430 488
839 313
-1 -1
430 488
804 312
-1 -1
430 484
770 315
430 482
737 329
434 481
718 347
436 480
702 358
436 480
-1 -1
700 379
437 480
700 379
437 480
704 379
437 480
725 371
725 354
-1 -1
433 480
759 337
-1 -1
-1 -1
435 480
801 320
436 480
835 315
437 484
887 313
-1 -1
437 486
939 316
-1 -1
437 487
1056 395
-1 -1
-1 -1
433 488
1054 329
1071 337
-1 -1
-1 -1
-1 -1
431 488
1130 371
-1 -1
431 488
1180 389
-1 -1
-1 -1
430 488
1250 423
-1 -1
430 484
1302 428
-1 -1
-1 -1
430 486
-1 -1
-1 -1
-1 -1
430 487
-1 -1
-1 -1
-1 -1
430 487
-1 -1
430 483
-1 -1
1299 413
1324 421
-1 -1
430 485
1257 438
1248 413
-1 -1
430 482
1197 426
-1 -1
-1 -1
434 481
1130 421
1122 396
-1 -1
436 480
1054 396
-1 -1
-1 -1
-1 -1
436 480
1029 405
1020 405
-1 -1
-1 -1
433 480
994 399
-1 -1
432 480
-1 -1
945 379
434 480
911 371
436 480
877 362
-1 -1
436 480
852 354
437 480
825 354
437 480
798 354
442 480
764 365
445 480
744 374
445 480
720 384
-1 -1
446 480
717 400
446 485
717 403
446 483
722 404
-1 -1
446 481
731 396
446 485
750 385
446 487
785 360
-1 -1
446 488
829 341
446 488
872 331
-1 -1
446 488
923 329
-1 -1
446 493
974 329
961 320
446 495
1025 335
446 492
1080 345
1088 354
-1 -1
-1 -1
451 491
1139 371
-1 -1
453 490
1180 397
-1 -1
453 493
-1 -1
-1 -1
454 491
-1 -1
454 490
-1 -1
-1 -1
454 490
1350 438
-1 -1
-1 -1
454 484
1290 413
1299 430
-1 -1
-1 -1
454 482
1231 388
1240 421
-1 -1
-1 -1
454 481
1181 396
1198 421
-1 -1
-1 -1
-1 -1
454 480
1147 413
1130 396
-1 -1
454 484
1104 413
-1 -1
450 486
1059 394
1046 413
-1 -1
448 487
987 396
1012 388
-1 -1
-1 -1
448 488
970 489
970 379
447 488
-1 -1
928 354
447 488
885 345
447 493
859 340
-1 -1
447 491
824 338
447 490
781 338
451 490
745 341
453 489
717 354
-1 -1
453 493
-1 -1
711 354
454 491
704 358
-1 -1
454 490
708 362
454 490
719 357
454 489
-1 -1
742 345
454 493
776 320
454 495
817 315
454 495
863 313
454 496
897 313
-1 -1
454 502
948 312
454 500
999 316
454 499
1050 346
454 498
1080 355
1096 362
-1 -1
454 493
1130 388
1139 388
-1 -1
454 491
1181 413
-1 -1
454 484
1199 417
-1 -1
454 481
1233 432
1231 413
-1 -1
454 484
1245 430
460 486
1236 426
-1 -1
-1 -1
458 487
1189 421
-1 -1
461 483
1162 416
1130 438
458 481
1119 418
1096 430
-1 -1
457 480
1076 415
1054 421
-1 -1
-1 -1
456 480
1033 414
455 480
995 405
-1 -1
-1 -1
455 480
953 388
455 480
-1 -1
911 371
-1 -1
455 480
-1 -1
885 362
-1 -1
455 480
-1 -1
843 354
455 480
810 354
455 480
783 348
455 480
755 350
455 480
721 357
455 491
691 379
-1 -1
455 494
691 379
450 495
691 379
448 496
696 374
448 496
711 376
447 493
743 360
750 379
447 491
794 349
447 490
822 340
447 493
880 342
447 495
-1 -1
928 362
447 495
987 371
-1 -1
447 496
1037 375
-1 -1
447 501
1098 405
-1 -1
447 504
1149 394
1147 421
-1 -1
-1 -1
447 501
-1 -1
-1 -1
447 499
-1 -1
-1 -1
-1 -1
447 502
-1 -1
-1 -1
447 504
-1 -1
-1 -1
447 500
1223 405
1231 413
-1 -1
447 499
1172 393
1172 413
-1 -1
-1 -1
447 498
1130 413
1113 396
-1 -1
447 497
1123 413
1113 396
-1 -1
447 492
1036 417
-1 -1
447 490
982 419
447 490
939 416
447 489
913 409
447 489
869 388
-1 -1
447 493
869 388
-1 -1
447 501
818 379
447 503
791 379
-1 -1
447 501
764 379
-1 -1
447 503
760 379
-1 -1
447 504
722 379
447 505
703 379
-1 -1
447 505
692 384
447 501
698 382
447 493
704 380
441 494
708 375
-1 -1
439 495
740 359
439 491
786 348
438 490
829 333
442 493
872 330
444 494
923 335
-1 -1
441 491
974 345
439 490
1011 348
1020 354
443 493
1080 379
1063 379
-1 -1
-1 -1
445 495
1114 405
445 495
1149 417
-1 -1
446 496
1189 413
1184 419
-1 -1
-1 -1
446 496
1189 413
1188 420
-1 -1
-1 -1
446 496
1218 420
-1 -1
-1 -1
446 492
1197 418
-1 -1
446 490
1159 416
446 490
1150 415
446 489
1071 409
1054 396
-1 -1
451 489
1032 407
1012 405
-1 -1
449 489
990 400
-1 -1
448 489
987 397
-1 -1
-1 -1
448 489
916 377
-1 -1
447 489
879 358
-1 -1
447 489
854 355
-1 -1
447 493
813 347
447 491
786 339
447 490
753 342
447 493
727 346
447 491
709 354
447 490
693 372
447 490
684 383
447 489
683 386
447 489
683 383
447 489
683 377
447 489
-1 -1
700 345
447 489
717 345
717 320
447 489
751 326
447 489
794 308
447 489
846 297
447 489
897 304
447 489
949 311
-1 -1
447 493
1000 322
987 320
-1 -1
-1 -1
447 491
-1 -1
1054 329
1063 345
447 490
1096 362
1113 379
-1 -1
-1 -1
447 490
1147 379
1155 388
-1 -1
-1 -1
447 484
1215 413
-1 -1
-1 -1
447 482
1256 417
-1 -1
-1 -1
-1 -1
447 481
-1 -1
-1 -1
447 480
-1 -1
-1 -1
447 480
1274 421
-1 -1
-1 -1
451 480
1223 421
-1 -1
-1 -1
453 475
1188 416
-1 -1
-1 -1
450 477
1136 414
1122 396
-1 -1
449 478
1071 405
1092 408
-1 -1
-1 -1
-1 -1
448 478
-1 -1
1029 396
1046 396
-1 -1
-1 -1
447 479
-1 -1
995 388
1004 388
447 479
961 379
-1 -1
447 479
935 367
447 484
-1 -1
894 354
-1 -1
447 482
860 345
-1 -1
447 486
-1 -1
826 345
-1 -1
447 487
793 345
-1 -1
447 488
766 345
-1 -1
447 488
731 345
447 488
711 350
447 493
694 372
447 495
691 384
-1 -1
447 496
684 381
447 496
688 379
447 496
693 369
447 496
708 351
447 496
734 340
447 496
777 324
447 496
820 314
447 496
872 312
447 496
919 320
-1 -1
-1 -1
447 492
978 329
447 490
1020 339
1020 329
-1 -1
447 490
1088 345
-1 -1
-1 -1
447 489
1130 379
-1 -1
-1 -1
447 483
1164 390
-1 -1
447 481
1223 421
-1 -1
-1 -1
451 480
-1 -1
-1 -1
453 484
-1 -1
-1 -1
-1 -1
450 482
1282 421
-1 -1
-1 -1
-1 -1
452 481
1223 413
953 455
-1 -1
453 480
1196 413
961 480
-1 -1
454 480
1153 408
1130 405
961 480
454 480
1088 405
1096 413
-1 -1
-1 -1
454 480
1063 388
1054 413
-1 -1
-1 -1
454 480
995 388
1020 388
-1 -1
454 480
970 379
-1 -1
-1 -1
454 484
935 367
-1 -1
454 486
907 358
-1 -1
454 483
873 348
-1 -1
454 492
823 340
-1 -1
450 494
787 338
448 495
761 337
448 496
728 339
447 496
718 347
447 492
693 371
447 494
699 376
-1 -1
447 492
705 373
447 494
713 361
447 495
724 350
447 501
767 341
447 503
819 324
447 504
-1 -1
869 320
-1 -1
447 505
-1 -1
919 329
-1 -1
447 501
978 337
447 499
1020 341
451 493
1063 362
1080 362
-1 -1
-1 -1
-1 -1
453 484
1122 379
1122 388
-1 -1
-1 -1
453 486
-1 -1
-1 -1
-1 -1
454 487
-1 -1
-1 -1
-1 -1
454 487
1206 455
-1 -1
-1 -1
454 483
1274 421
-1 -1
-1 -1
454 481
1278 402
-1 -1
-1 -1
454 480
1231 406
-1 -1
-1 -1
454 480
1178 405
-1 -1
454 480
1142 405
-1 -1
454 480
1084 393
-1 -1
-1 -1
454 484
1049 389
1029 388
-1 -1
-1 -1
-1 -1
454 482
998 388
978 405
454 481
948 375
-1 -1
454 481
921 358
454 480
880 355
450 485
845 354
448 492
804 347
448 495
778 350
447 496
744 363
447 496
719 373
447 493
701 390
447 491
692 401
-1 -1
447 490
684 410
-1 -1
-1 -1
447 489
689 412
-1 -1
-1 -1
447 493
690 408
-1 -1
-1 -1
447 495
695 395
447 495
715 377
-1 -1
447 496
751 350
447 496
-1 -1
801 329
447 496
852 320
-1 -1
447 496
902 320
-1 -1
447 502
936 312
945 337
-1 -1
-1 -1
447 500
995 320
1012 345
-1 -1
-1 -1
-1 -1
447 498
1063 345
-1 -1
-1 -1
451 498
1113 356
1105 345
-1 -1
453 493
1158 381
-1 -1
-1 -1
453 484
1215 405
-1 -1
-1 -1
454 481
-1 -1
-1 -1
454 480
1324 421
-1 -1
-1 -1
454 480
1324 416
-1 -1
454 480
1274 413
-1 -1
-1 -1
454 480
1223 413
-1 -1
454 480
1180 408
-1 -1
454 480
1144 400
1122 388
-1 -1
-1 -1
454 480
1093 392
1080 405
-1 -1
-1 -1
454 480
1049 382
-1 -1
454 480
1007 380
454 480
956 366
-1 -1
450 484
921 357
-1 -1
448 492
872 347
-1 -1
-1 -1
448 501
837 345
447 499
796 345
-1 -1
447 498
761 345
447 493
736 354
447 491
710 365
447 494
692 382
447 491
691 392
-1 -1
447 494
684 394
447 495
695 391
-1 -1
447 501
701 385
447 500
724 361
447 499
752 349
447 498
803 333
447 498
854 322
447 502
898 326
-1 -1
447 500
949 330
945 329
-1 -1
447 499
1081 403
451 493
1111 411
-1 -1
-1 -1
453 484
1096 371
1122 379
-1 -1
-1 -1
453 486
1164 396
-1 -1
-1 -1
454 487
1198 407
-1 -1
454 487
1240 421
-1 -1
-1 -1
454 488
-1 -1
-1 -1
454 488
-1 -1
-1 -1
454 483
-1 -1
1223 405
1248 421
-1 -1
-1 -1
454 481
1198 413
454 480
1171 413
-1 -1
-1 -1
454 480
1128 408
1105 396
-1 -1
454 480
1076 393
1054 388
-1 -1
-1 -1
454 480
1033 390
1020 405
-1 -1
-1 -1
454 480
1029 388
1020 409
-1 -1
-1 -1
454 480
-1 -1
945 362
-1 -1
454 484
-1 -1
911 345
454 486
869 345
450 493
842 345
452 495
807 345
-1 -1
453 496
771 345
-1 -1
450 502
745 350
448 504
742 352
447 505
704 372
447 505
692 384
447 505
691 386
-1 -1
447 505
691 387
-1 -1
447 505
701 384
447 505
707 382
447 505
776 345
-1 -1
447 505
818 337
-1 -1
447 505
-1 -1
877 329
447 505
911 329
-1 -1
447 505
945 320
961 354
-1 -1
447 505
945 320
961 354
-1 -1
447 501
1063 362
-1 -1
447 499
1063 362
-1 -1
451 492
1145 388
-1 -1
453 490
1201 408
-1 -1
-1 -1
453 489
-1 -1
-1 -1
454 489
-1 -1
-1 -1
454 489
1290 430
-1 -1
-1 -1
454 489
1274 413
-1 -1
-1 -1
-1 -1
454 489
1231 413
-1 -1
-1 -1
454 483
1181 413
1164 396
-1 -1
454 481
1146 408
1122 405
-1 -1
-1 -1
454 480
1133 406
1122 405
-1 -1
-1 -1
454 484
1172 489
1046 413
-1 -1
454 486
995 405
1012 388
-1 -1
-1 -1
454 483
970 379
-1 -1
454 481
970 379
-1 -1
454 481
902 360
-1 -1
454 480
-1 -1
894 354
-1 -1
450 491
818 345
448 494
783 345
448 495
755 350
447 496
751 352
447 502
705 372
-1 -1
447 504
700 377
451 505
685 378
449 505
683 378
448 505
683 378
447 505
683 378
447 505
714 361
-1 -1
447 505
721 356
-1 -1
447 501
801 334
447 499
808 330
447 502
902 329
-1 -1
-1 -1
447 503
902 329
-1 -1
-1 -1
451 504
1004 354
-1 -1
453 505
1004 354
-1 -1
453 494
1122 396
-1 -1
-1 -1
454 491
1147 401
-1 -1
-1 -1
454 490
-1 -1
-1 -1
454 489
-1 -1
-1 -1
454 489
1316 421
-1 -1
454 489
1316 421
-1 -1
454 483
1257 413
-1 -1
-1 -1
454 481
1198 396
-1 -1
454 480
1171 396
-1 -1
454 480
1128 396
-1 -1
-1 -1
454 480
1085 391
1063 396
-1 -1
-1 -1
454 480
1080 389
1063 396
-1 -1
-1 -1
454 484
995 362
454 486
953 357
-1 -1
454 487
916 349
-1 -1
454 488
911 346
-1 -1
454 493
841 334
454 495
796 335
-1 -1
454 496
753 339
450 502
727 341
448 504
718 355
448 501
693 381
447 499
691 379
-1 -1
447 498
691 379
-1 -1
447 498
697 379
447 497
704 376
447 497
724 361
447 497
730 356
447 497
810 329
-1 -1
447 497
-1 -1
852 320
447 497
902 320
-1 -1
-1 -1
447 497
902 320
-1 -1
-1 -1
447 502
987 312
995 329
-1 -1
-1 -1
447 500
1046 337
1063 345
-1 -1
447 498
1113 362
-1 -1
451 498
1147 373
-1 -1
453 493
1199 390
-1 -1
-1 -1
453 491
-1 -1
454 490
-1 -1
-1 -1
454 489
-1 -1
-1 -1
454 489
1324 421
-1 -1
-1 -1
454 489
-1 -1
-1 -1
454 489
1198 405
-1 -1
454 489
1198 405
-1 -1
454 489
1130 409
1096 396
-1 -1
454 489
1054 396
1071 388
-1 -1
-1 -1
454 489
1036 388
1020 388
454 493
993 382
454 495
949 360
-1 -1
454 492
902 345
-1 -1
-1 -1
450 490
869 337
448 493
833 337
448 491
790 337
447 490
746 341
447 490
720 343
451 489
-1 -1
691 362
452 493
-1 -1
686 367
453 501
675 379
454 504
675 379
450 505
679 374
448 505
686 372
448 505
717 359
447 505
753 349
447 505
801 337
-1 -1
-1 -1
447 505
852 329
447 510
893 333
-1 -1
451 512
939 340
-1 -1
453 509
998 356
453 508
1058 374
454 507
1118 391
-1 -1
454 506
1177 402
454 506
1223 421
-1 -1
-1 -1
454 501
-1 -1
-1 -1
454 499
-1 -1
-1 -1
454 498
1324 421
1290 413
-1 -1
454 492
1257 421
-1 -1
-1 -1
454 490
1206 421
-1 -1
454 489
1163 421
-1 -1
454 489
1111 421
1088 421
-1 -1
-1 -1
454 489
1067 421
1046 447
-1 -1
454 489
1023 421
995 430
-1 -1
-1 -1
454 489
-1 -1
978 405
-1 -1
450 489
-1 -1
936 388
-1 -1
452 493
902 379
-1 -1
453 495
877 371
-1 -1
-1 -1
450 495
-1 -1
843 371
448 496
810 371
447 496
-1 -1
810 362
447 496
759 362
447 502
732 373
447 500
720 383
447 499
718 381
447 498
696 399
447 497
692 397
-1 -1
447 502
696 394
-1 -1
447 504
707 378
447 504
726 360
447 505
752 348
759 320
-1 -1
447 505
803 333
447 505
847 322
447 505
897 326
-1 -1
447 505
901 328
-1 -1
447 501
981 330
-1 -1
-1 -1
451 493
1025 346
-1 -1
453 490
1084 365
1071 354
-1 -1
453 489
1087 369
1071 354
-1 -1
454 489
1172 405
1155 405
-1 -1
-1 -1
454 489
1198 396
1198 415
-1 -1
-1 -1
454 489
1223 430
-1 -1
-1 -1
454 489
1223 430
-1 -1
-1 -1
454 489
1204 430
-1 -1
454 489
1170 430
-1 -1
-1 -1
454 489
1113 438
1130 430
-1 -1
-1 -1
454 489
1096 430
1080 447
-1 -1
-1 -1
454 483
1070 424
454 481
1026 417
-1 -1
454 481
-1 -1
987 405
454 480
936 379
-1 -1
454 484
917 367
454 486
913 364
454 487
843 357
-1 -1
450 488
805 348
448 488
762 351
448 488
736 352
451 488
719 364
452 488
702 381
-1 -1
453 488
685 386
-1 -1
454 488
683 393
-1 -1
454 488
683 394
-1 -1
454 493
683 392
454 495
687 390
454 495
689 389
450 492
724 353
448 491
787 353
776 320
451 493
818 312
-1 -1
453 491
868 312
-1 -1
453 490
905 312
-1 -1
454 490
961 480
961 320
-1 -1
-1 -1
454 489
1012 320
1004 320
-1 -1
454 489
1012 320
-1 -1
454 484
1120 354
454 481
1128 360
454 485
1231 405
-1 -1
-1 -1
454 486
1299 421
-1 -1
-1 -1
-1 -1
459 487
-1 -1
462 488
-1 -1
-1 -1
462 488
1299 421
-1 -1
-1 -1
463 488
1239 408
1240 421
-1 -1
463 488
1189 421
1189 413
-1 -1
463 488
1189 413
1189 421
-1 -1
-1 -1
463 483
1105 421
1088 421
-1 -1
-1 -1
459 481
1070 416
-1 -1
457 481
1020 413
1020 413
-1 -1
-1 -1
456 480
1020 413
1020 413
-1 -1
-1 -1
455 480
-1 -1
945 388
-1 -1
455 480
-1 -1
945 388
455 480
885 371
-1 -1
455 480
-1 -1
843 371
-1 -1
455 484
818 362
455 486
791 367
455 487
756 369
455 488
729 375
455 488
718 383
-1 -1
455 488
702 399
-1 -1
455 493
693 403
-1 -1
455 495
691 404
455 496
699 396
-1 -1
-1 -1
455 496
703 392
-1 -1
-1 -1
455 492
732 361
455 491
-1 -1
767 337
-1 -1
455 490
826 320
455 489
852 315
455 489
904 313
-1 -1
-1 -1
455 489
909 313
-1 -1
455 489
1004 295
1020 312
-1 -1
455 489
1063 320
1088 337
-1 -1
-1 -1
460 489
1139 354
-1 -1
458 483
-1 -1
1189 371
-1 -1
461 485
1231 405
-1 -1
462 487
1231 405
-1 -1
458 487
-1 -1
461 483
-1 -1
-1 -1
462 485
1290 447
1282 421
-1 -1
463 487
1290 447
1282 421
-1 -1
463 483
1207 435
-1 -1
463 481
1151 432
-1 -1
-1 -1
463 481
1116 424
1096 438
-1 -1
-1 -1
-1 -1
458 480
1074 409
1054 413
-1 -1
-1 -1
457 480
1437 406
1037 396
-1 -1
-1 -1
456 484
1013 392
455 482
963 375
-1 -1
455 481
921 349
455 481
887 339
455 480
845 323
455 480
812 320
455 480
810 320
455 480
730 325
455 480
798 421
708 345
455 491
788 421
696 356
455 494
785 421
693 359
455 495
776 438
686 367
-1 -1
455 496
683 371
776 438
455 496
687 375
455 496
702 377
455 496
719 377
-1 -1
450 502
753 360
-1 -1
452 504
-1 -1
801 345
-1 -1
453 505
843 345
-1 -1
453 505
885 345
894 337
-1 -1
454 505
936 345
454 501
986 350
-1 -1
454 493
1046 354
1063 379
-1 -1
-1 -1
454 491
1113 396
1096 379
-1 -1
454 490
1108 396
1096 384
-1 -1
454 492
1196 407
-1 -1
454 494
1204 410
-1 -1
454 491
1243 417
-1 -1
454 490
1233 419
-1 -1
454 489
1218 420
454 489
1166 420
1155 396
-1 -1
454 489
1113 421
1096 430
-1 -1
-1 -1
454 489
1078 421
1063 438
-1 -1
454 489
1020 438
1037 430
-1 -1
454 483
-1 -1
987 421
995 421
-1 -1
454 485
-1 -1
987 421
995 421
-1 -1
454 487
928 388
-1 -1
454 487
-1 -1
894 379
-1 -1
-1 -1
454 488
894 379
-1 -1
-1 -1
-1 -1
-1 -1
454 492
826 371
454 494
826 371
454 495
767 375
-1 -1
454 492
745 377
454 491
720 377
-1 -1
454 490
694 405
454 489
691 411
454 493
684 412
454 495
683 412
-1 -1
454 495
683 412
-1 -1
454 496
688 403
454 496
707 378
-1 -1
-1 -1
454 496
735 358
454 496
740 355
