624 261
-1 -1
-1 -1
-1 -1
-1 -1
618 261
-1 -1
-1 -1
616 261
-1 -1
-1 -1
620 261
-1 -1
-1 -1
-1 -1
-1 -1
621 261
-1 -1
-1 -1
618 261
1316 388
-1 -1
616 261
1316 388
-1 -1
616 261
1256 328
-1 -1
615 261
1203 275
-1 -1
615 261
1143 239
-1 -1
615 261
1091 197
-1 -1
-1 -1
615 261
-1 -1
1049 170
-1 -1
615 261
1007 145
615 261
-1 -1
956 136
619 261
913 148
-1 -1
617 261
895 144
621 256
862 143
618 258
853 143
617 259
852 146
616 259
872 148
-1 -1
620 260
888 154
-1 -1
622 260
-1 -1
-1 -1
951 162
-1 -1
618 260
1006 172
-1 -1
617 260
1058 188
-1 -1
616 260
1069 229
615 260
1125 249
615 265
1184 281
615 268
-1 -1
615 268
-1 -1
-1 -1
-1 -1
-1 -1
615 269
-1 -1
-1 -1
615 269
-1 -1
-1 -1
-1 -1
615 269
-1 -1
-1 -1
615 269
-1 -1
-1 -1
620 269
-1 -1
622 269
-1 -1
-1 -1
-1 -1
622 269
-1 -1
623 269
-1 -1
-1 -1
-1 -1
623 265
-1 -1
-1 -1
-1 -1
623 263
-1 -1
-1 -1
-1 -1
-1 -1
623 262
-1 -1
-1 -1
623 261
-1 -1
-1 -1
-1 -1
-1 -1
623 261
-1 -1
1265 337
-1 -1
-1 -1
623 261
-1 -1
-1 -1
623 261
1172 253
-1 -1
623 261
1137 233
-1 -1
623 261
1086 207
-1 -1
623 261
1050 181
-1 -1
623 261
991 163
-1 -1
623 261
948 153
618 261
913 151
620 261
863 160
622 261
860 160
622 261
829 163
-1 -1
623 261
834 177
623 261
847 181
623 266
870 189
-1 -1
-1 -1
623 268
-1 -1
918 212
-1 -1
623 274
964 217
623 276
999 247
618 277
1058 281
-1 -1
616 277
1097 305
-1 -1
616 277
1240 413
-1 -1
-1 -1
615 277
-1 -1
-1 -1
-1 -1
-1 -1
-1 -1
615 277
-1 -1
-1 -1
615 277
-1 -1
-1 -1
-1 -1
615 277
-1 -1
-1 -1
615 277
-1 -1
-1 -1
-1 -1
615 277
-1 -1
-1 -1
-1 -1
615 277
-1 -1
-1 -1
-1 -1
615 277
-1 -1
615 273
-1 -1
-1 -1
-1 -1
-1 -1
619 265
-1 -1
-1 -1
-1 -1
617 267
-1 -1
-1 -1
-1 -1
616 268
-1 -1
-1 -1
-1 -1
620 264
-1 -1
-1 -1
-1 -1
-1 -1
622 256
1265 371
-1 -1
-1 -1
-1 -1
641 278
1206 328
-1 -1
635 273
1176 291
-1 -1
633 258
1134 257
633 247
-1 -1
1084 222
627 245
1033 188
619 238
990 170
616 223
955 153
615 220
930 151
610 212
888 163
602 198
862 170
-1 -1
593 195
853 173
585 187
858 174
583 185
866 179
-1 -1
576 179
874 182
574 177
917 195
567 177
979 191
-1 -1
566 177
1040 204
559 177
1092 222
-1 -1
557 177
1127 247
-1 -1
556 171
1161 281
-1 -1
556 169
1292 347
556 168
-1 -1
-1 -1
-1 -1
-1 -1
551 163
-1 -1
-1 -1
549 161
-1 -1
-1 -1
548 160
-1 -1
-1 -1
548 154
-1 -1
548 152
-1 -1
-1 -1
552 151
-1 -1
-1 -1
-1 -1
553 151
-1 -1
-1 -1
-1 -1
-1 -1
554 155
-1 -1
-1 -1
-1 -1
-1 -1
551 157
-1 -1
-1 -1
-1 -1
-1 -1
-1 -1
549 158
-1 -1
-1 -1
-1 -1
549 159
-1 -1
-1 -1
548 159
-1 -1
-1 -1
-1 -1
548 164
-1 -1
-1 -1
-1 -1
-1 -1
543 166
1189 286
-1 -1
541 166
1147 260
-1 -1
541 173
1117 225
540 175
1052 189
-1 -1
540 181
1007 147
534 183
940 136
532 184
913 154
526 184
-1 -1
879 162
524 190
854 174
-1 -1
523 192
-1 -1
844 194
523 193
850 176
517 193
867 157
515 193
888 161
-1 -1
514 198
943 176
514 200
989 188
514 201
1032 212
509 206
1076 254
-1 -1
507 208
1126 298
506 209
-1 -1
506 206
1316 371
506 207
-1 -1
-1 -1
-1 -1
506 208
-1 -1
-1 -1
-1 -1
506 209
-1 -1
-1 -1
506 209
-1 -1
-1 -1
500 209
-1 -1
-1 -1
-1 -1
498 209
-1 -1
498 209
-1 -1
-1 -1
-1 -1
497 209
-1 -1
-1 -1
497 209
-1 -1
-1 -1
497 209
-1 -1
-1 -1
-1 -1
492 215
-1 -1
-1 -1
-1 -1
-1 -1
490 217
-1 -1
489 217
-1 -1
1215 320
-1 -1
489 218
1179 285
489 223
1144 249
-1 -1
-1 -1
483 221
1077 222
-1 -1
-1 -1
461 215
1032 189
-1 -1
456 216
965 170
461 229
946 153
462 233
881 151
463 234
870 151
463 240
-1 -1
845 156
458 242
-1 -1
456 243
852 168
455 243
856 187
455 249
858 198
455 251
936 253
-1 -1
455 252
966 259
455 257
-1 -1
455 259
-1 -1
455 257
-1 -1
-1 -1
450 255
1231 438
-1 -1
452 258
-1 -1
-1 -1
453 259
-1 -1
-1 -1
453 260
-1 -1
-1 -1
-1 -1
-1 -1
459 266
-1 -1
-1 -1
467 268
-1 -1
-1 -1
-1 -1
470 269
-1 -1
-1 -1
471 269
-1 -1
-1 -1
471 274
-1 -1
-1 -1
-1 -1
471 276
-1 -1
-1 -1
-1 -1
-1 -1
471 277
-1 -1
-1 -1
-1 -1
471 277
-1 -1
-1 -1
-1 -1
476 277
-1 -1
-1 -1
478 277
-1 -1
479 277
1147 320
475 277
1135 293
474 277
-1 -1
1095 259
473 277
-1 -1
1089 254
472 277
1011 200
472 277
949 179
-1 -1
472 282
921 162
-1 -1
472 280
927 160
-1 -1
460 283
857 166
451 284
844 180
-1 -1
448 285
836 193
450 285
841 167
452 285
849 167
449 285
872 200
-1 -1
457 291
919 221
451 289
955 248
449 288
990 273
442 287
-1 -1
443 286
-1 -1
-1 -1
457 286
-1 -1
456 286
1257 354
-1 -1
460 281
1291 437
-1 -1
-1 -1
-1 -1
468 279
-1 -1
466 282
-1 -1
-1 -1
465 283
-1 -1
-1 -1
-1 -1
-1 -1
469 284
-1 -1
-1 -1
-1 -1
-1 -1
470 281
-1 -1
-1 -1
-1 -1
476 279
-1 -1
-1 -1
484 279
-1 -1
482 278
-1 -1
486 273
1316 438
-1 -1
-1 -1
484 265
1304 426
-1 -1
-1 -1
482 262
1223 353
-1 -1
482 261
1216 346
-1 -1
-1 -1
481 256
1144 276
-1 -1
480 254
1075 246
-1 -1
480 253
1055 213
-1 -1
480 247
1031 180
485 245
941 184
483 239
-1 -1
476 237
843 168
477 239
838 156
478 237
816 153
479 240
782 192
475 241
777 206
477 242
786 199
478 242
791 201
478 243
883 169
-1 -1
475 243
-1 -1
-1 -1
477 248
-1 -1
478 256
987 227
478 259
1028 232
479 260
1098 247
475 257
1192 336
-1 -1
468 249
-1 -1
-1 -1
-1 -1
-1 -1
459 246
-1 -1
-1 -1
-1 -1
464 249
-1 -1
-1 -1
-1 -1
-1 -1
464 250
-1 -1
-1 -1
-1 -1
-1 -1
467 251
-1 -1
-1 -1
-1 -1
466 252
-1 -1
-1 -1
-1 -1
-1 -1
465 252
-1 -1
-1 -1
464 252
-1 -1
-1 -1
464 252
-1 -1
-1 -1
-1 -1
464 252
-1 -1
-1 -1
-1 -1
468 257
-1 -1
-1 -1
-1 -1
470 259
-1 -1
-1 -1
-1 -1
476 259
-1 -1
-1 -1
-1 -1
-1 -1
-1 -1
474 256
1316 421
-1 -1
-1 -1
-1 -1
-1 -1
473 255
1224 370
-1 -1
-1 -1
477 254
-1 -1
-1 -1
475 257
1147 261
474 265
1112 249
-1 -1
-1 -1
454 258
1069 216
-1 -1
449 259
1017 182
-1 -1
-1 -1
455 265
973 163
-1 -1
-1 -1
939 145
430 253
438 261
897 156
449 261
871 152
448 261
-1 -1
447 261
801 194
-1 -1
447 266
806 188
447 268
813 181
451 268
836 187
459 274
-1 -1
462 276
-1 -1
463 277
945 210
463 277
-1 -1
459 277
-1 -1
461 277
-1 -1
1122 261
-1 -1
462 277
1163 279
468 277
1249 313
-1 -1
-1 -1
470 277
-1 -1
-1 -1
-1 -1
467 277
-1 -1
-1 -1
-1 -1
469 277
-1 -1
-1 -1
470 277
-1 -1
-1 -1
-1 -1
471 273
-1 -1
-1 -1
471 275
-1 -1
-1 -1
-1 -1
467 276
-1 -1
-1 -1
-1 -1
-1 -1
459 276
-1 -1
-1 -1
-1 -1
466 277
-1 -1
-1 -1
-1 -1
465 277
-1 -1
-1 -1
-1 -1
468 277
-1 -1
-1 -1
1324 447
-1 -1
470 273
-1 -1
-1 -1
-1 -1
-1 -1
470 271
-1 -1
-1 -1
-1 -1
471 271
-1 -1
-1 -1
-1 -1
471 270
1155 278
-1 -1
471 274
-1 -1
-1 -1
471 275
1054 210
-1 -1
467 276
1019 184
-1 -1
469 277
943 171
470 277
921 155
467 277
873 158
465 282
845 159
468 280
-1 -1
466 283
835 160
-1 -1
465 281
839 160
464 279
854 171
464 279
-1 -1
464 278
-1 -1
468 278
-1 -1
475 278
-1 -1
-1 -1
-1 -1
478 278
1130 261
-1 -1
-1 -1
479 278
1172 295
479 278
-1 -1
479 273
-1 -1
-1 -1
-1 -1
-1 -1
-1 -1
479 271
-1 -1
-1 -1
-1 -1
-1 -1
479 274
-1 -1
-1 -1
-1 -1
479 275
-1 -1
-1 -1
-1 -1
479 276
-1 -1
-1 -1
-1 -1
479 277
-1 -1
-1 -1
-1 -1
479 273
-1 -1
-1 -1
-1 -1
479 271
-1 -1
-1 -1
-1 -1
479 274
-1 -1
-1 -1
479 276
-1 -1
-1 -1
479 276
-1 -1
-1 -1
-1 -1
479 277
1290 405
-1 -1
-1 -1
-1 -1
-1 -1
479 273
1215 362
-1 -1
479 275
-1 -1
-1 -1
479 276
1130 261
479 276
1079 249
479 277
1042 225
475 277
983 183
468 282
-1 -1
452 255
860 160
455 286
848 160
450 286
808 171
452 281
780 195
-1 -1
452 260
776 189
-1 -1
-1 -1
-1 -1
781 185
-1 -1
531 261
-1 -1
787 197
-1 -1
531 261
523 261
816 193
-1 -1
830 193
523 270
514 270
-1 -1
519 270
953 210
-1 -1
472 264
-1 -1
-1 -1
472 295
1063 253
-1 -1
457 262
-1 -1
-1 -1
1130 257
-1 -1
480 303
-1 -1
-1 -1
1172 278
-1 -1
-1 -1
480 291
-1 -1
-1 -1
-1 -1
469 288
-1 -1
-1 -1
-1 -1
470 287
-1 -1
-1 -1
-1 -1
475 286
-1 -1
-1 -1
-1 -1
473 286
-1 -1
-1 -1
476 286
-1 -1
-1 -1
-1 -1
478 286
-1 -1
-1 -1
478 286
-1 -1
-1 -1
-1 -1
479 281
-1 -1
-1 -1
479 283
-1 -1
-1 -1
479 280
-1 -1
-1 -1
-1 -1
-1 -1
479 279
-1 -1
-1 -1
-1 -1
-1 -1
479 278
-1 -1
-1 -1
475 282
1223 337
473 280
1180 302
-1 -1
476 279
1135 259
-1 -1
474 278
1068 230
-1 -1
540 244
473 282
1023 197
476 280
973 179
-1 -1
478 279
922 177
478 279
-1 -1
479 278
852 151
479 278
817 162
479 273
789 195
-1 -1
479 271
-1 -1
479 280
801 202
-1 -1
484 283
835 197
487 281
-1 -1
487 283
-1 -1
488 284
987 202
488 285
-1 -1
488 281
1063 253
-1 -1
484 280
1145 257
-1 -1
-1 -1
482 279
1177 303
481 278
1275 348
-1 -1
-1 -1
480 273
-1 -1
-1 -1
-1 -1
-1 -1
480 275
-1 -1
-1 -1
-1 -1
480 276
-1 -1
-1 -1
475 276
-1 -1
-1 -1
-1 -1
483 277
-1 -1
-1 -1
482 277
-1 -1
-1 -1
481 277
-1 -1
-1 -1
-1 -1
-1 -1
-1 -1
480 273
-1 -1
480 275
-1 -1
-1 -1
-1 -1
480 276
-1 -1
-1 -1
-1 -1
480 276
-1 -1
-1 -1
-1 -1
-1 -1
480 277
1299 405
-1 -1
-1 -1
-1 -1
480 277
1299 405
-1 -1
-1 -1
-1 -1
480 277
1139 312
-1 -1
-1 -1
480 277
1103 269
-1 -1
475 273
1052 224
473 271
1000 197
467 274
949 179
-1 -1
459 275
905 183
548 236
456 276
-1 -1
455 277
-1 -1
465 277
-1 -1
468 277
-1 -1
470 277
-1 -1
-1 -1
476 277
-1 -1
-1 -1
478 282
-1 -1
475 284
-1 -1
477 284
-1 -1
-1 -1
478 281
-1 -1
-1 -1
475 280
-1 -1
-1 -1
468 279
1063 253
-1 -1
466 278
1171 264
-1 -1
-1 -1
468 282
1179 273
-1 -1
-1 -1
469 284
1283 345
-1 -1
466 284
1289 352
-1 -1
468 281
-1 -1
-1 -1
466 279
-1 -1
-1 -1
-1 -1
468 279
-1 -1
-1 -1
470 278
-1 -1
-1 -1
475 278
-1 -1
-1 -1
-1 -1
477 278
-1 -1
-1 -1
-1 -1
-1 -1
478 278
-1 -1
-1 -1
-1 -1
475 278
-1 -1
-1 -1
-1 -1
474 278
-1 -1
-1 -1
-1 -1
-1 -1
473 278
-1 -1
-1 -1
-1 -1
-1 -1
476 278
1274 413
-1 -1
-1 -1
478 278
-1 -1
-1 -1
-1 -1
-1 -1
475 278
1172 295
-1 -1
473 278
1172 295
-1 -1
476 278
1089 252
-1 -1
478 278
1081 245
-1 -1
-1 -1
475 278
984 183
473 282
939 169
473 284
888 168
472 281
893 168
472 280
-1 -1
-1 -1
472 279
-1 -1
472 278
-1 -1
467 278
793 210
465 278
-1 -1
465 278
826 210
468 278
-1 -1
-1 -1
469 278
-1 -1
-1 -1
470 278
-1 -1
471 278
-1 -1
471 282
-1 -1
1096 278
-1 -1
471 284
-1 -1
1096 273
-1 -1
471 284
1196 311
-1 -1
471 285
1204 318
-1 -1
467 285
-1 -1
-1 -1
-1 -1
474 285
-1 -1
-1 -1
-1 -1
473 285
-1 -1
-1 -1
473 285
-1 -1
-1 -1
472 281
-1 -1
-1 -1
472 279
-1 -1
-1 -1
467 279
-1 -1
-1 -1
-1 -1
469 278
-1 -1
-1 -1
470 278
-1 -1
-1 -1
467 278
-1 -1
-1 -1
-1 -1
465 278
-1 -1
-1 -1
-1 -1
-1 -1
464 278
-1 -1
-1 -1
-1 -1
-1 -1
468 278
-1 -1
466 278
1164 286
-1 -1
465 282
1113 267
-1 -1
464 280
1098 268
-1 -1
464 283
1018 202
468 281
973 171
-1 -1
470 279
922 168
467 282
-1 -1
469 284
-1 -1
470 281
801 194
471 279
796 194
-1 -1
467 279
794 194
-1 -1
465 278
-1 -1
468 278
-1 -1
470 278
852 194
470 282
852 194
476 280
-1 -1
968 198
478 283
-1 -1
-1 -1
475 284
-1 -1
-1 -1
-1 -1
474 285
-1 -1
-1 -1
-1 -1
473 285
-1 -1
-1 -1
1198 303
-1 -1
472 281
-1 -1
-1 -1
1272 329
472 279
-1 -1
-1 -1
472 282
-1 -1
-1 -1
472 284
-1 -1
-1 -1
-1 -1
472 281
-1 -1
472 279
-1 -1
-1 -1
472 282
-1 -1
-1 -1
472 284
-1 -1
-1 -1
-1 -1
472 284
-1 -1
-1 -1
472 281
-1 -1
-1 -1
472 279
-1 -1
-1 -1
472 282
-1 -1
-1 -1
-1 -1
472 280
-1 -1
-1 -1
-1 -1
-1 -1
476 279
-1 -1
-1 -1
474 282
-1 -1
473 284
-1 -1
-1 -1
473 284
-1 -1
1080 270
-1 -1
472 281
-1 -1
476 283
987 194
478 280
-1 -1
478 279
-1 -1
479 282
852 160
479 280
832 160
-1 -1
475 283
814 160
-1 -1
474 280
789 178
473 279
-1 -1
476 279
-1 -1
478 278
-1 -1
475 273
869 194
473 271
-1 -1
473 271
-1 -1
-1 -1
-1 -1
472 270
-1 -1
472 270
1088 278
-1 -1
472 270
1106 304
-1 -1
472 270
1214 324
476 270
-1 -1
474 274
-1 -1
-1 -1
473 276
-1 -1
476 276
-1 -1
-1 -1
-1 -1
474 282
-1 -1
-1 -1
468 280
-1 -1
-1 -1
474 279
-1 -1
-1 -1
-1 -1
477 279
-1 -1
-1 -1
-1 -1
475 278
-1 -1
-1 -1
473 278
-1 -1
-1 -1
476 278
-1 -1
-1 -1
-1 -1
-1 -1
474 278
-1 -1
-1 -1
-1 -1
473 278
-1 -1
-1 -1
-1 -1
-1 -1
473 278
1189 329
-1 -1
-1 -1
476 278
1154 302
-1 -1
-1 -1
474 278
1118 259
-1 -1
473 278
-1 -1
-1 -1
-1 -1
473 282
1004 210
-1 -1
467 284
977 191
465 281
972 187
-1 -1
465 280
885 165
468 282
855 161
469 284
805 173
467 290
801 178
465 293
778 202
468 294
790 202
-1 -1
466 294
792 202
-1 -1
465 294
-1 -1
464 290
-1 -1
-1 -1
-1 -1
-1 -1
506 261
464 286
-1 -1
464 286
1054 236
460 264
1080 247
-1 -1
462 266
1085 250
-1 -1
480 295
-1 -1
-1 -1
-1 -1
480 295
1265 320
-1 -1
480 289
-1 -1
-1 -1
-1 -1
480 287
-1 -1
-1 -1
-1 -1
480 287
-1 -1
-1 -1
-1 -1
-1 -1
475 281
-1 -1
-1 -1
-1 -1
-1 -1
473 282
-1 -1
-1 -1
-1 -1
467 283
-1 -1
-1 -1
-1 -1
469 284
-1 -1
-1 -1
466 284
-1 -1
-1 -1
-1 -1
465 281
-1 -1
-1 -1
-1 -1
-1 -1
458 279
-1 -1
-1 -1
-1 -1
-1 -1
460 278
1333 430
466 278
1297 395
-1 -1
469 278
1222 327
-1 -1
470 278
1159 282
-1 -1
471 278
1108 255
471 278
1105 253
460 278
1009 199
-1 -1
461 278
956 186
462 278
921 162
467 278
879 160
466 278
837 160
465 278
803 170
-1 -1
468 278
769 191
-1 -1
470 282
767 204
-1 -1
470 284
767 214
-1 -1
471 284
779 212
467 285
788 208
465 285
793 208
468 285
-1 -1
470 285
-1 -1
-1 -1
475 285
-1 -1
-1 -1
474 281
-1 -1
-1 -1
468 279
1088 286
-1 -1
466 279
-1 -1
-1 -1
1162 275
-1 -1
468 278
1225 287
-1 -1
-1 -1
470 278
1230 291
-1 -1
470 282
-1 -1
471 283
-1 -1
471 281
-1 -1
-1 -1
-1 -1
-1 -1
-1 -1
-1 -1
-1 -1
421 253
480 270
-1 -1
480 274
-1 -1
-1 -1
475 276
-1 -1
-1 -1
-1 -1
473 276
-1 -1
-1 -1
-1 -1
460 273
-1 -1
-1 -1
-1 -1
462 272
-1 -1
-1 -1
-1 -1
-1 -1
466 274
-1 -1
-1 -1
-1 -1
-1 -1
468 276
1341 421
-1 -1
469 276
-1 -1
-1 -1
1329 386
-1 -1
470 277
-1 -1
-1 -1
1326 380
-1 -1
471 277
1181 269
-1 -1
-1 -1
471 277
1172 269
-1 -1
471 277
1085 223
-1 -1
471 277
1032 188
-1 -1
-1 -1
471 277
981 178
476 277
938 162
478 277
896 145
475 277
854 149
468 277
812 162
-1 -1
474 282
801 172
-1 -1
477 284
793 209
-1 -1
478 281
799 209
454 280
812 209
-1 -1
405 244
449 279
816 209
-1 -1
396 244
452 278
866 206
457 278
921 205
-1 -1
-1 -1
460 278
981 204
466 282
-1 -1
475 284
-1 -1
-1 -1
-1 -1
478 284
-1 -1
-1 -1
476 285
-1 -1
-1 -1
1257 286
474 285
-1 -1
-1 -1
-1 -1
-1 -1
473 281
-1 -1
-1 -1
473 280
-1 -1
-1 -1
-1 -1
472 279
-1 -1
-1 -1
472 278
-1 -1
-1 -1
472 278
-1 -1
467 278
-1 -1
-1 -1
469 278
-1 -1
-1 -1
-1 -1
470 278
-1 -1
-1 -1
-1 -1
460 278
-1 -1
-1 -1
400 245
-1 -1
-1 -1
447 270
-1 -1
-1 -1
-1 -1
-1 -1
-1 -1
435 264
464 278
1341 413
-1 -1
-1 -1
-1 -1
468 278
1322 394
-1 -1
-1 -1
-1 -1
470 278
1231 327
476 278
1176 266
-1 -1
478 278
1133 246
479 278
1067 213
479 278
1015 187
475 278
964 185
474 273
961 178
477 275
881 194
474 276
845 172
-1 -1
473 276
827 169
-1 -1
473 277
826 168
-1 -1
467 273
-1 -1
-1 -1
826 162
465 271
819 160
-1 -1
452 271
818 175
456 274
826 180
-1 -1
865 196
438 270
430 270
-1 -1
-1 -1
434 270
953 227
-1 -1
-1 -1
457 274
979 246
-1 -1
455 276
1096 257
-1 -1
-1 -1
455 276
1119 312
452 277
1209 326
-1 -1
453 277
-1 -1
-1 -1
1294 382
-1 -1
454 277
-1 -1
-1 -1
-1 -1
454 277
-1 -1
-1 -1
-1 -1
466 282
-1 -1
-1 -1
469 284
-1 -1
-1 -1
471 281
-1 -1
-1 -1
471 283
-1 -1
-1 -1
471 281
-1 -1
468 279
-1 -1
-1 -1
-1 -1
466 279
-1 -1
-1 -1
-1 -1
-1 -1
465 282
1316 455
-1 -1
-1 -1
468 284
1296 404
-1 -1
-1 -1
475 284
1292 390
-1 -1
-1 -1
-1 -1
478 285
1290 381
-1 -1
-1 -1
-1 -1
475 281
1156 277
-1 -1
454 279
1099 246
-1 -1
-1 -1
-1 -1
-1 -1
-1 -1
1096 244
-1 -1
-1 -1
447 278
464 278
1009 189
464 278
1004 185
464 282
916 162
-1 -1
458 280
879 160
460 283
837 152
-1 -1
451 281
812 158
453 279
778 165
458 282
768 208
461 280
774 231
-1 -1
462 279
775 234
-1 -1
467 282
790 215
-1 -1
-1 -1
-1 -1
430 270
472 286
885 202
410 256
880 202
