270 447
-1 -1
-1 -1
1096 717
894 607
270 447
936 658
888 607
270 447
962 669
886 607
270 447
997 678
-1 -1
835 599
880 611
270 447
1002 681
878 613
270 447
1010 682
872 619
270 447
1011 682
870 622
270 447
956 679
826 590
270 447
851 649
845 595
270 441
851 643
-1 -1
270 443
844 641
-1 -1
852 590
270 445
-1 -1
850 641
801 590
270 445
837 635
270 446
-1 -1
849 641
270 446
856 651
860 615
274 446
875 645
276 446
881 643
276 446
879 642
277 446
874 645
277 446
871 646
818 607
277 446
864 647
818 607
277 446
-1 -1
-1 -1
841 644
759 615
277 446
842 642
809 610
277 446
859 652
823 595
277 446
848 646
277 446
861 647
277 446
894 660
277 446
946 663
277 446
-1 -1
-1 -1
1046 666
923 632
273 446
-1 -1
1046 666
271 446
1147 675
936 615
954 647
271 446
936 641
898 606
270 446
-1 -1
901 592
270 446
915 597
270 446
1206 683
936 607
923 598
270 446
906 598
270 446
-1 -1
-1 -1
896 592
270 441
1189 658
-1 -1
894 599
270 439
1184 646
-1 -1
911 624
924 640
270 439
1013 682
902 646
270 438
1056 688
-1 -1
869 658
905 662
270 442
-1 -1
975 685
835 675
867 654
270 444
906 667
885 615
270 445
838 647
859 610
270 446
842 642
808 603
270 446
842 641
828 600
270 446
836 635
835 593
270 446
841 637
842 591
274 446
842 639
276 446
864 651
276 446
866 655
277 446
872 652
277 446
865 651
-1 -1
277 446
848 655
277 446
860 652
273 451
848 651
-1 -1
810 615
275 449
-1 -1
844 654
810 620
272 452
868 656
271 453
868 662
270 454
834 648
826 590
274 450
834 643
767 565
272 452
900 674
793 565
835 641
271 453
-1 -1
-1 -1
909 668
806 565
839 621
270 454
980 665
854 610
274 450
1057 665
869 599
852 602
276 448
846 621
857 593
276 448
-1 -1
919 632
858 590
277 447
1358 632
826 624
865 590
277 447
928 641
1324 666
1358 649
273 447
901 614
275 447
902 666
-1 -1
-1 -1
866 594
272 451
936 641
-1 -1
861 591
271 453
1122 784
1004 683
866 595
270 450
843 649
-1 -1
877 632
270 452
-1 -1
978 691
826 599
865 627
274 450
943 686
-1 -1
800 563
848 612
272 448
843 640
800 564
271 448
827 640
-1 -1
270 447
826 640
270 451
-1 -1
826 640
270 453
826 644
270 453
831 642
270 454
833 635
270 454
851 642
270 454
863 645
265 454
880 646
801 649
262 454
897 647
262 454
890 644
261 454
887 646
852 624
261 454
876 647
256 454
850 647
258 454
830 644
843 624
259 454
855 659
259 454
847 663
801 573
260 454
861 661
843 592
260 454
871 648
-1 -1
260 454
904 667
260 454
-1 -1
-1 -1
939 666
869 590
260 454
973 663
887 578
265 454
1031 664
894 607
267 454
928 624
894 602
268 460
898 609
269 458
928 615
921 612
269 461
-1 -1
953 632
954 650
269 462
-1 -1
-1 -1
953 624
947 640
269 463
-1 -1
-1 -1
951 653
941 635
269 463
-1 -1
-1 -1
1113 717
928 607
904 601
265 463
1108 711
-1 -1
896 609
267 463
1054 704
873 607
268 463
910 672
-1 -1
862 610
268 463
-1 -1
-1 -1
886 667
843 573
264 463
854 652
-1 -1
262 459
844 643
-1 -1
262 457
850 651
261 456
844 636
810 582
256 450
843 633
254 452
843 638
253 452
856 642
247 453
-1 -1
868 644
249 453
879 642
-1 -1
250 454
-1 -1
889 641
294 450
861 641
301 448
847 635
302 447
844 637
-1 -1
272 451
847 651
264 459
868 655
262 461
868 656
256 462
880 657
860 599
254 463
878 657
293 459
920 662
300 451
980 664
302 449
964 671
-1 -1
869 582
302 448
-1 -1
-1 -1
968 673
302 447
1063 670
902 607
270 457
-1 -1
913 595
263 461
978 666
-1 -1
987 632
261 458
989 671
261 457
1313 623
945 615
995 675
293 456
-1 -1
976 663
300 456
945 649
-1 -1
297 460
1061 708
-1 -1
894 599
300 462
1054 695
-1 -1
936 641
894 624
302 463
951 692
302 459
-1 -1
907 675
885 615
308 457
880 663
310 451
862 660
-1 -1
852 590
311 448
860 658
-1 -1
817 590
307 451
860 652
-1 -1
305 452
853 644
308 449
852 646
306 451
857 647
277 465
858 648
300 461
-1 -1
859 648
307 458
840 648
305 457
842 653
277 466
837 655
301 461
822 656
307 444
813 657
-1 -1
306 445
803 662
305 446
807 670
299 446
825 668
301 446
825 667
-1 -1
301 446
861 684
810 632
277 451
855 681
767 582
292 449
1036 673
826 607
305 448
-1 -1
-1 -1
885 624
815 618
309 447
827 621
850 597
310 447
953 632
1290 599
893 651
311 447
818 641
900 656
311 447
818 641
895 651
311 447
855 648
-1 -1
885 590
311 451
901 669
-1 -1
843 608
860 624
311 453
843 632
-1 -1
843 598
311 453
843 632
-1 -1
837 594
307 473
926 674
818 615
309 469
826 647
310 462
819 644
306 458
812 643
304 457
-1 -1
810 642
304 456
-1 -1
810 642
308 455
813 641
309 455
815 641
759 573
306 450
820 641
843 624
284 458
823 641
843 624
293 457
836 645
275 473
854 660
843 632
301 463
872 658
308 453
875 658
310 449
871 663
307 451
860 664
810 624
309 442
842 662
310 444
830 660
311 445
832 659
311 441
833 663
311 443
834 664
835 615
311 444
852 661
311 450
849 639
-1 -1
311 459
977 680
-1 -1
835 590
877 632
311 457
879 617
311 456
882 641
843 624
311 456
-1 -1
-1 -1
936 675
854 597
311 455
-1 -1
-1 -1
936 669
945 658
311 444
1290 649
925 652
917 654
311 440
1279 630
913 656
307 442
904 640
309 443
894 644
305 449
955 682
-1 -1
835 615
308 448
1000 677
-1 -1
835 610
309 451
834 634
860 599
310 453
872 663
860 599
826 624
311 454
838 661
776 573
311 454
842 664
767 582
311 454
836 654
759 582
311 460
835 645
311 458
821 636
311 457
830 633
311 460
835 641
311 462
843 644
311 468
847 646
311 460
845 647
311 462
862 648
311 462
858 653
311 468
842 652
311 470
846 655
-1 -1
311 470
854 656
-1 -1
311 471
857 662
311 467
855 660
285 498
854 663
300 492
841 661
283 509
842 660
852 607
301 475
842 647
-1 -1
885 717
793 590
307 460
847 636
-1 -1
-1 -1
310 456
-1 -1
-1 -1
978 683
855 612
310 459
1145 664
-1 -1
826 649
878 619
311 461
925 669
860 624
883 616
311 462
1290 624
953 641
848 635
921 639
311 463
843 641
964 640
311 458
854 641
930 607
311 460
-1 -1
919 624
941 613
311 461
-1 -1
877 624
925 616
307 473
1155 683
860 615
902 618
309 473
1129 664
-1 -1
875 604
310 472
-1 -1
-1 -1
1096 649
835 649
863 608
306 490
987 691
-1 -1
-1 -1
834 606
854 610
299 509
861 632
-1 -1
-1 -1
306 484
852 648
852 599
308 470
836 642
310 466
835 653
-1 -1
767 590
310 458
841 655
826 595
311 450
828 645
-1 -1
810 590
311 448
826 635
767 595
311 447
833 638
-1 -1
311 449
842 639
306 457
847 643
309 456
862 645
305 460
858 643
767 599
304 458
849 652
308 451
845 651
305 452
824 638
299 465
841 643
300 460
837 652
306 458
839 661
309 457
841 664
310 456
841 662
311 455
-1 -1
847 660
852 599
311 450
863 654
311 448
859 645
-1 -1
826 624
311 448
-1 -1
859 629
860 615
311 451
-1 -1
860 615
865 611
311 452
1054 666
887 618
311 459
-1 -1
869 624
892 621
316 457
857 635
929 633
314 457
860 624
928 632
1307 624
313 460
-1 -1
928 641
919 632
1302 642
313 458
1316 624
-1 -1
911 628
312 451
1198 624
-1 -1
901 612
312 449
893 624
-1 -1
-1 -1
312 451
-1 -1
-1 -1
1064 658
860 607
312 452
1047 658
-1 -1
835 649
855 618
312 449
-1 -1
-1 -1
859 651
312 448
843 648
810 573
826 675
312 442
851 661
844 607
307 443
843 659
850 602
309 440
843 655
843 599
310 443
843 639
801 603
306 449
843 634
304 452
843 636
291 473
847 643
281 492
852 646
279 503
852 643
278 499
846 642
742 641
278 497
844 642
295 480
843 641
300 475
843 652
301 473
838 655
302 472
830 656
302 472
832 657
-1 -1
843 599
308 467
828 653
-1 -1
767 582
286 489
844 655
294 480
849 646
298 476
-1 -1
-1 -1
885 675
877 607
850 629
297 478
1189 599
-1 -1
852 556
856 604
299 475
1290 607
852 561
865 606
307 473
860 624
919 632
895 612
305 473
-1 -1
860 573
923 639
305 472
-1 -1
919 615
914 636
308 467
1282 632
868 620
912 639
306 474
1300 632
902 642
895 636
299 490
1106 691
894 638
300 480
1149 640
875 607
301 476
1076 658
826 565
848 612
291 490
1048 655
-1 -1
885 624
835 666
851 622
282 494
859 647
-1 -1
302 472
852 660
801 599
285 497
843 659
280 497
843 658
295 472
843 653
284 496
843 645
304 472
843 643
303 466
850 645
303 465
856 646
308 464
858 647
286 488
862 647
801 599
303 464
855 648
793 641
750 633
308 458
840 644
750 632
-1 -1
310 456
841 642
755 632
-1 -1
307 458
842 641
305 460
842 641
-1 -1
304 461
842 652
304 462
842 661
-1 -1
303 458
-1 -1
838 659
291 466
846 659
852 607
296 459
-1 -1
-1 -1
855 658
856 611
299 461
-1 -1
-1 -1
877 683
854 604
849 639
290 473
919 666
885 624
850 628
297 469
877 624
-1 -1
860 624
306 467
1161 650
860 641
894 641
309 466
1189 683
919 624
888 614
310 465
919 618
890 602
307 468
1333 641
919 611
904 619
309 475
955 659
914 617
310 474
-1 -1
916 620
903 641
306 491
-1 -1
902 629
305 495
1096 683
894 625
304 496
1091 671
-1 -1
919 632
885 633
308 493
1061 673
-1 -1
860 683
854 620
309 472
994 684
844 617
310 466
875 657
311 465
845 657
793 590
311 464
851 660
793 590
306 464
843 659
843 640
-1 -1
284 481
843 646
301 463
843 635
852 624
307 458
843 633
305 459
855 648
304 461
853 644
284 497
855 646
288 492
853 647
826 607
287 502
846 644
304 474
861 646
818 599
292 497
860 647
283 503
849 647
284 504
850 653
304 473
839 646
309 466
836 653
310 464
838 651
860 607
311 464
861 654
-1 -1
855 611
311 458
895 661
311 456
923 670
894 599
894 632
311 458
-1 -1
-1 -1
941 679
888 627
311 465
936 675
909 617
890 629
307 474
917 648
916 622
305 477
953 675
910 629
906 605
308 478
916 618
934 621
305 479
910 571
918 627
304 479
936 641
-1 -1
-1 -1
877 632
900 604
308 479
909 641
309 475
1119 675
919 641
894 599
310 474
906 644
-1 -1
877 635
306 476
1049 674
-1 -1
904 643
860 607
305 478
1046 669
-1 -1
835 649
860 625
304 478
1046 666
-1 -1
835 644
860 629
308 475
855 644
-1 -1
808 614
309 468
853 654
-1 -1
310 474
853 657
311 468
847 650
306 469
848 647
793 607
309 466
845 638
-1 -1
310 459
861 639
310 456
866 639
311 459
864 640
311 461
866 645
311 462
858 647
784 649
292 497
855 647
749 637
274 504
847 648
300 475
844 648
307 468
-1 -1
838 654
309 459
-1 -1
823 646
310 456
827 653
-1 -1
311 455
843 646
869 615
278 496
862 659
-1 -1
793 582
272 503
867 663
-1 -1
793 582
270 499
895 661
827 576
292 473
900 660
833 569
293 475
930 654
894 607
284 483
1314 651
919 615
920 625
296 469
924 620
932 624
300 470
931 622
934 624
285 482
-1 -1
919 615
942 636
274 492
-1 -1
914 615
1324 624
938 639
294 472
-1 -1
922 610
942 640
299 467
-1 -1
-1 -1
944 637
285 473
1020 675
-1 -1
885 649
926 629
281 476
-1 -1
-1 -1
885 649
922 626
295 468
1037 675
-1 -1
876 619
277 497
-1 -1
-1 -1
862 633
885 607
277 503
860 652
869 607
277 505
860 656
869 607
304 464
854 657
852 649
309 457
852 657
-1 -1
852 649
311 455
845 648
308 459
848 637
306 461
845 634
309 462
843 633
310 463
847 642
776 649
311 467
848 646
307 489
839 647
305 482
845 648
304 477
839 648
308 469
836 648
305 475
835 648
759 599
299 484
835 648
835 632
290 487
835 654
292 484
835 656
293 483
-1 -1
839 656
852 607
293 482
-1 -1
840 657
852 607
294 476
893 669
877 625
289 477
893 667
882 629
304 461
1037 658
860 632
893 640
309 457
1042 658
894 620
889 620
310 455
852 624
892 609
311 455
856 624
898 616
307 458
-1 -1
922 630
305 460
-1 -1
926 642
304 467
-1 -1
919 632
905 641
299 475
-1 -1
904 636
300 469
894 624
877 590
297 476
1070 650
919 658
869 607
299 474
1040 662
-1 -1
892 631
863 618
301 473
1037 664
-1 -1
887 626
865 621
301 473
860 649
307 468
848 649
852 590
285 489
850 649
809 590
280 494
850 649
802 590
273 496
846 637
293 472
844 634
860 599
299 472
847 633
278 489
854 636
294 478
854 638
299 469
853 644
301 470
870 643
793 599
302 470
874 642
793 599
302 475
860 645
302 474
855 647
302 476
847 653
302 478
844 656
302 475
-1 -1
847 662
302 473
848 660
-1 -1
302 473
-1 -1
849 659
860 615
302 472
-1 -1
855 663
860 615
291 490
-1 -1
-1 -1
878 661
902 624
275 501
-1 -1
-1 -1
897 660
284 490
890 647
869 624
285 489
968 669
902 632
289 489
-1 -1
919 624
902 620
292 489
928 625
293 484
902 649
948 635
289 486
894 649
945 638
297 477
-1 -1
945 607
951 645
300 474
945 607
952 647
291 482
1046 666
958 648
288 485
1046 666
959 648
287 487
947 653
-1 -1
911 631
286 488
-1 -1
-1 -1
1063 632
889 626
286 488
877 641
-1 -1
286 488
872 645
286 488
857 647
852 590
286 488
-1 -1
859 647
852 590
290 484
847 644
298 476
844 643
301 468
847 642
308 465
853 641
306 467
853 641
309 465
856 641
-1 -1
310 464
857 645
-1 -1
311 464
848 647
311 467
839 644
307 469
823 652
305 470
813 651
304 471
810 646
303 471
797 643
298 476
-1 -1
799 642
826 632
296 478
825 659
290 475
825 677
810 641
287 474
838 675
810 641
281 477
855 672
283 474
865 673
284 473
874 624
843 632
284 473
882 629
285 472
-1 -1
911 615
898 631
281 483
911 615
900 631
283 477
911 615
896 596
289 478
914 626
-1 -1
876 620
288 484
-1 -1
906 618
931 628
287 492
-1 -1
924 626
287 495
902 624
835 590
291 493
1094 658
-1 -1
846 571
877 632
289 495
1073 658
-1 -1
877 632
287 496
1028 678
-1 -1
835 590
858 632
282 502
864 669
-1 -1
869 615
280 504
844 659
-1 -1
852 632
273 510
836 658
792 597
287 503
-1 -1
849 662
770 603
292 494
844 648
-1 -1
284 500
843 643
297 479
843 642
-1 -1
300 474
850 644
285 496
861 652
296 479
865 651
300 474
867 650
301 473
863 649
292 482
862 649
793 649
288 491
861 649
787 649
287 494
865 654
281 502
857 656
279 504
877 669
-1 -1
-1 -1
282 505
860 665
279 505
855 665
279 505
853 662
793 599
278 505
852 660
797 599
278 505
885 663
885 599
945 717
282 494
913 664
894 565
290 484
901 639
-1 -1
860 615
292 481
897 634
-1 -1
860 615
293 480
1054 658
-1 -1
919 632
900 632
299 475
1046 658
-1 -1
919 627
937 632
292 489
-1 -1
930 619
936 632
293 489
-1 -1
929 633
956 657
294 489
1198 641
915 624
299 484
1209 629
919 632
906 628
301 482
-1 -1
-1 -1
945 666
903 625
307 476
1096 691
-1 -1
928 649
897 641
316 468
895 640
314 465
901 652
869 632
313 464
862 650
-1 -1
317 458
868 655
801 582
315 460
861 656
314 466
860 660
313 465
845 646
818 691
293 482
855 647
288 492
861 643
291 495
864 645
296 488
861 646
299 500
864 647
793 590
300 504
878 647
801 641
301 505
877 644
796 641
302 502
873 652
788 635
302 495
865 651
307 471
866 654
309 466
867 656
310 464
867 657
311 464
872 662
-1 -1
307 480
880 664
843 607
309 476
874 665
852 599
310 469
872 661
852 599
306 469
-1 -1
-1 -1
870 647
856 599
304 470
903 658
-1 -1
878 572
304 471
909 662
883 567
308 467
931 664
309 465
928 661
310 464
-1 -1
936 615
934 639
311 464
-1 -1
941 615
942 634
-1 -1
306 474
937 612
305 473
911 615
942 626
304 472
1333 641
905 615
944 629
308 468
1297 645
-1 -1
941 626
309 466
1223 624
-1 -1
939 624
310 465
-1 -1
-1 -1
1223 624
938 624
311 468
1088 641
-1 -1
928 641
910 618
311 466
1069 645
897 620
316 465
-1 -1
-1 -1
995 660
881 617
318 464
-1 -1
-1 -1
988 663
878 616
315 464
859 656
-1 -1
877 624
314 468
852 653
-1 -1
313 466
852 651
801 590
312 465
858 654
-1 -1
827 590
312 465
866 656
312 464
868 652
312 464
868 645
312 464
872 646
312 464
873 647
801 599
316 459
874 643
796 603
314 481
871 642
794 625
307 493
864 645
305 495
855 646
784 649
-1 -1
304 496
853 647
784 649
-1 -1
303 496
861 653
303 496
878 661
-1 -1
852 624
303 496
875 660
303 493
866 659
307 471
867 663
860 607
945 717
309 466
868 664
860 607
310 464
-1 -1
-1 -1
910 665
311 467
-1 -1
-1 -1
917 665
869 615
311 465
947 671
903 626
311 467
1155 675
-1 -1
945 640
311 469
-1 -1
936 627
311 475
-1 -1
932 625
307 490
941 630
305 489
953 632
956 631
308 479
954 631
-1 -1
941 620
309 475
953 631
-1 -1
938 617
306 483
943 631
937 633
308 477
1103 698
928 632
-1 -1
310 474
1104 683
-1 -1
953 649
908 620
-1 -1
310 473
1071 683
-1 -1
934 644
904 633
311 483
1057 670
-1 -1
919 624
889 633
311 486
887 657
311 487
870 657
852 590
311 478
861 657
311 478
860 646
311 479
853 643
311 479
852 645
311 475
852 642
311 477
856 645
311 478
858 646
-1 -1
311 484
862 653
-1 -1
311 482
865 655
-1 -1
311 486
-1 -1
-1 -1
866 656
306 487
867 657
-1 -1
308 483
849 653
310 476
823 651
306 477
812 645
-1 -1
304 478
810 642
725 615
308 474
816 658
-1 -1
826 658
309 468
820 663
818 599
310 469
835 661
-1 -1
836 603
311 470
853 663
306 470
872 664
835 615
309 467
-1 -1
-1 -1
897 677
869 632
310 465
1004 687
-1 -1
894 658
310 464
1018 684
-1 -1
907 671
311 464
904 641
869 565
311 464
888 634
873 565
311 464
897 638
860 624
311 464
900 634
919 632
311 468
901 626
311 470
896 632
-1 -1
885 599
311 467
-1 -1
-1 -1
911 640
888 632
311 469
1063 658
-1 -1
886 636
311 470
1020 683
-1 -1
880 633
311 467
1026 669
-1 -1
-1 -1
857 637
311 465
1027 663
-1 -1
-1 -1
853 638
311 468
861 664
852 632
311 466
852 665
-1 -1
846 606
793 641
311 465
-1 -1
852 665
839 601
793 641
-1 -1
306 468
852 661
304 470
852 659
304 470
863 653
776 649
307 467
854 650
305 469
860 649
793 590
299 482
860 649
290 500
854 649
296 491
853 649
289 501
852 649
767 649
287 504
846 649
767 649
286 505
848 653
286 505
869 661
852 624
-1 -1
290 502
851 664
292 500
846 665
