379 632
-1 -1
-1 -1
-1 -1
658 405
379 632
658 388
658 405
379 632
658 388
658 405
379 632
-1 -1
-1 -1
658 396
652 399
379 637
649 438
650 397
379 659
-1 -1
644 397
374 651
-1 -1
642 396
376 662
641 396
624 489
367 650
635 396
618 489
373 661
633 391
-1 -1
359 640
627 389
-1 -1
615 497
370 698
-1 -1
625 389
615 502
375 714
624 388
376 716
-1 -1
624 388
405 636
624 388
615 514
391 702
624 388
385 713
624 388
302 748
618 388
308 755
616 388
310 753
610 382
590 514
379 717
608 380
585 514
311 756
-1 -1
-1 -1
607 380
590 506
311 757
607 379
590 506
307 758
610 379
590 500
305 758
612 379
304 758
619 383
308 758
621 385
405 691
628 391
310 754
-1 -1
-1 -1
-1 -1
636 394
388 700
-1 -1
649 405
382 726
-1 -1
649 514
649 405
384 719
-1 -1
649 405
311 750
-1 -1
649 405
311 750
654 405
311 750
1350 421
649 447
656 405
311 750
656 405
311 750
-1 -1
-1 -1
657 405
311 750
-1 -1
-1 -1
657 405
311 745
666 388
-1 -1
658 447
657 405
311 743
661 388
657 405
311 743
-1 -1
-1 -1
658 396
653 399
311 742
-1 -1
658 396
624 489
651 397
405 683
641 396
624 489
393 701
641 396
618 489
398 691
635 396
616 489
392 696
633 396
616 489
389 698
633 396
615 489
388 699
632 391
615 493
391 695
627 389
389 703
629 389
383 712
626 383
384 715
619 375
381 721
610 376
-1 -1
380 719
602 373
379 718
593 365
379 722
591 363
-1 -1
582 514
379 723
-1 -1
584 362
582 514
379 724
587 362
379 724
588 362
379 720
589 362
582 497
307 749
594 362
590 506
305 749
-1 -1
595 506
607 371
308 755
-1 -1
-1 -1
632 371
609 494
607 375
310 753
620 479
611 377
311 751
-1 -1
615 489
619 383
396 691
615 489
622 386
396 691
-1 -1
624 497
623 387
311 750
1341 430
624 489
623 387
379 717
632 396
1366 421
1375 421
384 711
632 396
386 709
-1 -1
-1 -1
-1 -1
637 396
386 709
-1 -1
-1 -1
639 396
387 708
-1 -1
624 489
635 391
387 708
-1 -1
-1 -1
632 388
311 750
-1 -1
658 379
615 489
632 388
379 717
-1 -1
-1 -1
615 493
632 388
379 721
624 388
615 501
379 723
628 388
-1 -1
360 650
630 388
361 656
-1 -1
630 388
356 635
627 388
355 639
626 388
379 651
628 388
385 657
630 388
382 657
630 388
377 657
631 388
632 362
383 708
627 382
382 715
625 380
381 716
619 380
624 354
380 716
616 379
380 716
615 379
379 716
615 383
599 514
379 716
615 381
374 716
615 380
615 489
373 716
619 384
615 500
359 666
627 391
-1 -1
356 659
629 394
354 658
-1 -1
-1 -1
637 395
649 388
354 658
645 395
649 388
303 748
-1 -1
649 396
371 700
649 388
649 396
371 711
649 396
309 749
658 388
649 396
310 749
-1 -1
649 506
654 396
379 666
-1 -1
-1 -1
658 388
656 396
379 666
-1 -1
-1 -1
656 396
658 388
374 666
-1 -1
-1 -1
-1 -1
649 506
653 396
376 666
-1 -1
-1 -1
655 396
377 666
658 388
652 396
374 666
652 388
-1 -1
650 396
372 666
-1 -1
-1 -1
641 396
641 514
366 666
641 396
-1 -1
358 661
635 391
-1 -1
359 659
633 389
360 659
633 389
649 388
361 658
627 388
372 699
625 388
376 706
628 388
303 734
-1 -1
626 388
379 717
625 388
-1 -1
303 723
-1 -1
624 388
303 719
624 388
303 727
624 382
303 726
624 380
-1 -1
308 730
624 384
305 732
624 385
304 732
624 386
304 738
628 387
615 506
303 736
636 392
303 735
639 394
303 729
645 400
303 727
654 403
-1 -1
649 396
388 717
-1 -1
-1 -1
656 404
382 666
658 523
658 405
384 700
-1 -1
658 409
303 731
658 413
-1 -1
649 430
379 717
662 413
303 733
1305 580
666 396
666 413
261 667
-1 -1
666 413
254 659
666 413
-1 -1
253 664
658 388
-1 -1
658 405
300 722
-1 -1
-1 -1
658 388
658 405
309 731
658 396
305 733
-1 -1
658 396
658 396
262 668
652 396
261 666
650 396
-1 -1
658 396
284 712
650 401
-1 -1
658 396
379 658
644 399
-1 -1
301 730
642 397
302 727
635 392
262 659
633 390
282 726
627 389
295 738
-1 -1
618 382
295 720
610 375
290 706
602 372
288 702
593 371
287 701
584 371
286 700
576 365
-1 -1
286 700
573 363
286 700
573 362
286 700
576 366
286 700
583 368
-1 -1
286 700
586 369
599 371
286 700
607 371
599 480
286 700
942 613
607 379
286 700
-1 -1
-1 -1
599 455
611 379
286 700
613 379
603 466
286 700
607 430
1248 413
613 379
286 700
615 413
619 379
286 700
615 413
622 379
286 700
623 379
-1 -1
624 480
286 700
-1 -1
-1 -1
618 485
624 388
286 700
624 388
-1 -1
620 483
286 700
624 388
-1 -1
617 486
286 700
-1 -1
624 388
297 734
624 388
300 740
624 388
301 741
624 388
292 710
-1 -1
624 382
289 703
-1 -1
624 380
267 639
624 380
292 706
618 379
599 480
289 704
616 379
590 497
288 703
616 379
590 497
287 702
615 383
291 701
610 381
607 354
293 705
603 380
261 641
600 380
273 681
593 375
279 692
591 372
582 506
266 640
590 375
262 633
590 373
261 632
590 372
256 632
594 371
254 632
602 375
590 497
253 632
610 376
253 632
620 383
-1 -1
303 724
-1 -1
-1 -1
615 497
624 388
310 724
624 388
266 656
624 485
624 388
256 644
-1 -1
-1 -1
624 421
624 388
254 642
-1 -1
-1 -1
624 388
624 489
285 697
-1 -1
624 489
628 388
292 705
1290 599
630 388
289 701
642 398
292 706
632 388
261 651
627 485
-1 -1
632 388
255 649
625 492
-1 -1
632 388
253 649
624 388
615 497
302 723
-1 -1
615 497
624 388
293 706
624 379
615 480
263 652
624 379
632 405
277 678
624 379
615 497
282 693
624 379
284 692
624 379
285 697
618 379
285 695
620 379
291 697
617 379
289 695
616 379
288 693
615 379
287 697
610 379
287 694
603 379
286 697
600 379
286 698
602 379
-1 -1
286 699
603 374
-1 -1
286 699
604 376
286 699
610 377
286 699
612 383
286 699
613 381
286 699
619 380
624 388
286 699
622 384
-1 -1
-1 -1
615 514
286 699
628 386
-1 -1
-1 -1
286 695
-1 -1
-1 -1
649 396
630 387
291 697
644 396
-1 -1
624 489
631 392
289 693
629 479
641 388
637 394
287 692
1248 396
632 489
641 388
639 395
291 696
632 497
640 391
293 697
637 502
640 390
294 698
-1 -1
649 506
645 393
294 699
-1 -1
649 517
647 394
294 699
-1 -1
649 379
648 395
290 694
641 514
-1 -1
645 395
305 725
-1 -1
-1 -1
641 396
-1 -1
643 395
301 712
-1 -1
-1 -1
-1 -1
645 396
636 391
308 721
632 388
-1 -1
-1 -1
310 723
632 388
641 388
311 724
627 388
293 699
629 388
-1 -1
641 388
288 699
626 388
641 388
259 640
625 388
-1 -1
615 497
254 633
624 388
610 508
253 625
624 388
-1 -1
253 624
624 382
253 629
624 384
253 630
618 381
253 626
620 384
683 413
253 625
617 381
247 611
611 375
245 613
608 372
248 617
607 371
250 620
607 371
251 621
610 375
251 622
612 376
252 622
613 377
252 623
-1 -1
619 383
615 506
247 623
621 385
249 623
628 392
-1 -1
641 396
303 715
-1 -1
636 394
649 396
270 645
-1 -1
641 388
639 395
275 683
-1 -1
645 395
276 689
-1 -1
641 396
647 395
277 690
641 391
648 395
405 615
649 514
648 395
1290 413
399 620
-1 -1
649 514
648 395
1271 408
285 690
1324 590
-1 -1
654 395
285 690
658 514
-1 -1
652 395
285 690
649 396
-1 -1
-1 -1
285 690
-1 -1
-1 -1
645 495
649 396
285 690
642 413
-1 -1
624 497
644 396
285 690
-1 -1
-1 -1
641 396
285 690
635 396
632 405
615 480
285 690
633 391
651 393
396 624
633 389
649 390
396 624
632 389
615 489
401 624
627 388
615 500
285 698
625 388
405 649
624 388
285 699
628 388
285 699
626 388
285 699
625 388
285 699
619 382
691 421
285 699
616 380
285 699
615 374
285 699
610 372
285 699
608 371
285 699
611 371
285 699
612 374
-1 -1
590 514
285 699
613 376
-1 -1
599 514
297 711
619 377
296 706
621 383
295 703
-1 -1
-1 -1
-1 -1
641 388
635 391
290 696
-1 -1
-1 -1
641 472
639 394
292 697
1164 413
641 490
640 395
293 698
641 480
641 396
640 392
294 698
-1 -1
645 491
640 394
289 694
-1 -1
649 506
640 394
287 692
1248 405
649 506
645 395
291 696
1290 580
649 510
647 395
292 697
649 514
648 395
293 698
644 487
644 395
294 699
646 396
632 489
643 395
294 699
-1 -1
-1 -1
632 489
649 396
642 395
306 718
641 396
-1 -1
301 708
635 396
624 497
291 697
633 391
305 717
633 389
309 717
632 389
307 717
627 388
306 712
625 388
305 714
624 388
304 715
628 388
304 721
626 388
303 723
625 388
675 396
291 707
624 388
691 447
669 391
288 702
619 382
662 389
-1 -1
287 701
616 380
659 389
-1 -1
286 700
615 380
286 700
615 374
-1 -1
286 700
615 375
286 700
619 376
-1 -1
290 704
-1 -1
621 377
288 702
622 383
615 480
287 701
-1 -1
-1 -1
623 385
615 485
305 718
-1 -1
-1 -1
649 396
615 483
628 391
304 717
-1 -1
624 480
636 394
303 717
649 405
-1 -1
649 396
299 712
-1 -1
649 514
649 396
297 705
-1 -1
649 506
649 396
296 702
654 494
649 396
296 701
-1 -1
652 499
654 396
295 700
658 396
655 498
295 700
-1 -1
656 497
658 396
405 624
-1 -1
658 396
399 624
658 497
658 396
301 706
-1 -1
-1 -1
649 497
658 396
302 707
649 430
-1 -1
641 480
652 396
302 707
637 480
645 396
308 712
641 396
310 720
641 396
658 396
311 723
635 396
652 391
301 707
633 396
650 389
-1 -1
297 702
633 396
296 701
627 391
624 405
295 703
625 389
289 701
628 389
291 704
626 388
292 705
625 388
305 726
624 388
683 413
304 725
618 382
308 731
616 380
607 354
310 732
615 380
311 738
615 379
311 736
615 379
261 650
615 379
296 702
619 383
260 640
621 385
615 497
298 707
622 386
-1 -1
615 497
261 641
628 392
273 671
-1 -1
632 489
641 396
293 690
-1 -1
-1 -1
649 497
645 396
299 702
-1 -1
649 508
653 396
301 706
649 396
649 507
299 703
-1 -1
654 495
654 396
297 702
652 507
656 401
297 701
650 506
656 399
300 701
-1 -1
-1 -1
-1 -1
649 514
657 402
298 695
658 405
300 697
-1 -1
649 514
658 396
298 698
658 396
-1 -1
649 502
300 703
-1 -1
-1 -1
649 504
649 396
301 705
632 497
-1 -1
658 396
649 396
302 706
632 497
-1 -1
658 396
649 396
261 641
637 396
-1 -1
658 391
298 700
634 396
-1 -1
261 641
633 396
299 711
632 396
308 722
632 396
649 388
310 718
632 391
-1 -1
311 723
632 389
311 724
632 389
307 721
627 388
309 723
625 382
306 721
624 380
683 413
305 719
624 379
683 413
299 713
618 379
297 710
616 379
296 709
-1 -1
615 383
295 703
-1 -1
615 381
295 701
619 380
-1 -1
295 700
621 384
615 497
289 694
622 386
-1 -1
615 489
287 692
623 386
-1 -1
620 489
286 691
642 392
635 493
286 691
646 394
639 495
290 695
658 497
658 396
292 697
1189 413
658 497
658 396
298 698
658 462
658 396
301 699
658 456
658 401
301 699
-1 -1
658 514
658 403
298 699
-1 -1
658 509
1257 396
658 403
300 699
-1 -1
658 507
662 404
301 699
-1 -1
-1 -1
664 404
298 699
658 396
-1 -1
658 447
664 404
296 699
-1 -1
-1 -1
658 447
665 404
296 699
649 514
-1 -1
654 400
379 641
-1 -1
-1 -1
645 402
624 497
301 706
642 398
666 396
301 706
641 397
666 396
298 703
641 396
658 396
296 702
641 396
-1 -1
658 396
296 695
635 396
299 702
633 396
301 705
632 391
301 706
636 393
298 703
628 390
641 362
296 701
626 389
306 711
624 383
305 710
612 380
304 714
608 379
304 715
607 379
303 716
602 379
582 514
303 716
600 379
582 514
298 712
602 379
297 710
603 379
299 709
-1 -1
609 379
615 497
301 708
-1 -1
612 379
615 497
301 713
619 383
615 492
307 714
622 385
615 490
300 705
-1 -1
649 388
635 392
301 702
-1 -1
649 388
645 394
301 701
649 455
647 395
302 700
649 455
648 395
302 700
-1 -1
654 395
302 700
-1 -1
656 395
302 700
-1 -1
649 506
657 395
362 624
-1 -1
657 395
302 700
658 396
649 497
379 632
-1 -1
649 464
649 396
302 706
-1 -1
-1 -1
637 482
649 396
302 706
-1 -1
-1 -1
634 486
649 396
307 712
641 396
310 715
641 396
632 396
310 716
635 396
651 391
311 716
633 396
655 389
307 712
633 396
299 704
636 396
624 405
297 695
634 396
296 697
633 391
289 693
632 393
291 695
627 390
292 697
625 389
632 362
293 698
625 388
632 362
293 698
624 388
294 699
624 382
294 699
624 380
294 699
624 379
299 704
-1 -1
624 379
300 705
624 383
-1 -1
301 706
-1 -1
624 385
624 497
302 707
-1 -1
624 386
618 497
302 707
-1 -1
-1 -1
635 392
649 396
298 696
-1 -1
-1 -1
644 394
300 697
654 401
649 523
379 649
658 396
658 405
302 699
-1 -1
658 480
658 405
379 632
662 405
302 699
649 430
660 405
379 641
658 506
659 405
302 699
-1 -1
658 514
662 405
379 641
658 514
664 405
379 641
658 509
665 405
379 641
658 507
665 405
379 645
658 510
-1 -1
665 405
379 647
-1 -1
-1 -1
652 511
661 405
379 647
649 396
-1 -1
379 648
649 396
379 648
644 396
658 396
379 648
-1 -1
642 396
658 396
379 648
642 396
298 695
641 396
300 697
641 396
297 693
641 396
296 692
635 391
290 691
633 393
-1 -1
291 695
627 390
-1 -1
297 703
625 389
300 705
618 388
307 713
610 383
310 715
602 380
262 641
600 374
297 699
599 376
306 711
-1 -1
599 373
590 497
262 642
599 375
298 701
602 376
590 506
301 700
609 377
608 500
302 700
619 377
298 695
622 383
300 697
635 391
649 388
301 698
633 390
298 694
-1 -1
649 506
638 389
379 649
649 506
639 388
301 698
649 506
645 392
302 699
647 394
-1 -1
649 506
371 632
-1 -1
649 510
648 395
310 699
-1 -1
648 395
310 704
649 396
649 506
311 702
649 388
-1 -1
644 500
649 396
311 705
637 479
-1 -1
644 396
311 706
634 479
-1 -1
658 396
642 396
261 641
632 396
-1 -1
658 396
295 700
632 391
-1 -1
658 388
305 712
632 389
658 388
309 715
-1 -1
632 389
658 388
269 642
632 388
-1 -1
298 700
632 388
307 712
632 388
-1 -1
269 642
632 388
299 701
632 388
301 705
632 388
308 713
632 388
310 710
627 388
311 709
625 382
691 413
311 714
619 380
691 417
311 715
620 380
261 633
621 379
296 697
622 383
-1 -1
-1 -1
306 718
622 381
309 723
623 384
310 719
623 386
615 489
311 718
623 386
615 489
311 713
628 392
632 480
658 396
311 711
636 394
649 531
307 704
644 395
-1 -1
658 396
299 695
647 395
-1 -1
658 396
306 709
-1 -1
-1 -1
658 506
654 401
269 641
-1 -1
-1 -1
658 506
656 403
262 633
-1 -1
658 506
657 404
299 702
-1 -1
658 517
657 404
270 652
658 514
662 404
292 696
-1 -1
658 514
664 404
306 712
-1 -1
-1 -1
658 506
665 404
379 632
-1 -1
-1 -1
658 514
662 404
384 627
658 396
386 625
652 504
649 396
301 696
649 405
-1 -1
302 705
644 399
658 396
263 644
642 397
255 634
642 397
301 713
641 396
658 388
272 646
635 396
303 705
633 396
309 721
632 396
263 653
632 391
255 635
632 393
683 405
253 626
632 394
624 362
253 630
627 394
642 397
253 625
625 395
653 409
253 624
624 384
253 624
624 381
253 624
624 380
253 624
624 379
253 624
624 383
-1 -1
253 624
624 385
632 388
253 627
624 386
615 506
253 626
628 391
626 500
253 625
-1 -1
-1 -1
636 400
629 485
253 628
644 403
-1 -1
637 487
253 630
647 404
639 488
379 624
654 404
379 628
656 404
265 647
-1 -1
658 388
662 404
303 698
-1 -1
658 388
664 404
-1 -1
309 713
665 409
305 709
658 388
665 411
309 715
1046 632
662 388
665 412
311 716
-1 -1
-1 -1
665 412
311 716
-1 -1
-1 -1
665 412
311 716
-1 -1
-1 -1
-1 -1
665 412
311 716
-1 -1
-1 -1
658 438
665 408
311 716
649 523
665 407
311 716
-1 -1
-1 -1
654 397
661 406
311 716
-1 -1
-1 -1
656 388
659 405
311 716
658 405
-1 -1
658 396
311 716
652 399
-1 -1
311 721
650 397
632 514
261 641
650 397
-1 -1
627 514
254 633
644 396
253 632
642 396
300 712
641 396
309 722
641 396
311 724
641 391
691 413
311 724
635 389
686 408
311 724
628 389
684 406
311 731
625 388
311 732
624 388
691 421
-1 -1
311 733
624 388
691 421
-1 -1
311 733
624 388
311 733
624 388
-1 -1
615 514
311 733
628 392
311 729
629 394
311 727
636 394
632 489
649 396
311 726
638 395
632 489
311 725
-1 -1
-1 -1
652 401
311 720
-1 -1
-1 -1
656 403
666 396
311 718
662 404
661 438
311 718
1299 582
-1 -1
664 404
311 717
-1 -1
665 409
311 717
-1 -1
665 411
311 717
665 412
311 721
658 396
665 412
311 722
665 412
-1 -1
662 396
311 720
665 412
-1 -1
664 391
311 722
665 412
664 393
311 723
658 413
666 405
-1 -1
311 724
-1 -1
-1 -1
658 405
666 405
-1 -1
311 720
658 396
-1 -1
658 439
666 405
311 718
658 396
-1 -1
658 506
661 405
316 721
658 396
318 723
652 396
641 514
315 720
650 396
314 718
650 396
313 718
649 396
316 721
649 396
314 719
649 396
313 718
644 396
313 721
636 396
-1 -1
312 723
627 391
-1 -1
312 723
625 389
-1 -1
316 729
-1 -1
-1 -1
618 383
318 732
616 380
-1 -1
315 729
610 374
313 727
602 372
313 726
600 371
-1 -1
312 726
599 371
590 506
312 725
599 371
-1 -1
599 514
312 725
599 374
615 523
312 725
602 376
-1 -1
615 511
312 720
609 377
312 718
619 383
624 489
312 721
-1 -1
-1 -1
637 483
632 396
379 624
646 495
-1 -1
637 396
379 624
648 496
-1 -1
639 396
379 624
641 396
649 497
379 624
641 396
649 502
379 624
645 396
649 506
379 624
647 396
649 506
312 723
647 396
312 723
648 396
-1 -1
649 514
379 624
-1 -1
-1 -1
649 472
648 396
312 724
649 447
-1 -1
648 396
312 724
644 472
-1 -1
644 396
379 615
652 398
-1 -1
-1 -1
642 396
379 615
651 389
-1 -1
-1 -1
642 396
312 721
632 396
624 480
379 624
632 391
-1 -1
624 485
658 388
379 624
-1 -1
632 389
624 487
658 388
-1 -1
312 724
632 389
379 624
632 388
312 720
632 388
615 489
312 722
632 388
312 723
632 388
708 421
312 723
627 388
312 724
625 388
312 724
625 388
312 724
624 388
691 447
312 724
624 388
691 447
312 724
618 382
312 724
616 375
658 396
-1 -1
312 720
615 376
312 722
615 377
