472 270
1290 556
1333 590
-1 -1
-1 -1
472 270
1299 573
-1 -1
472 270
1299 573
-1 -1
472 270
1272 547
1240 540
-1 -1
-1 -1
476 274
1267 542
-1 -1
474 272
1245 527
-1 -1
473 271
1241 516
-1 -1
473 274
1240 508
-1 -1
472 276
1211 453
-1 -1
472 277
1169 401
1164 396
476 282
1134 365
1130 362
-1 -1
478 284
1096 345
1099 346
-1 -1
478 285
1073 322
479 285
1012 303
1016 305
479 285
981 303
-1 -1
479 281
971 303
479 280
947 309
479 279
937 310
479 273
936 314
475 271
942 316
-1 -1
473 270
956 317
-1 -1
473 270
995 329
1012 329
1002 323
-1 -1
472 270
1047 338
-1 -1
472 270
1091 356
-1 -1
472 270
1126 374
472 270
1168 400
472 270
1202 433
472 274
1221 483
472 276
1223 464
1248 514
-1 -1
-1 -1
476 276
1257 523
-1 -1
478 277
1257 523
-1 -1
-1 -1
478 282
1316 632
-1 -1
479 280
1358 624
-1 -1
479 283
-1 -1
479 284
-1 -1
-1 -1
-1 -1
479 285
-1 -1
479 285
1257 632
1324 624
-1 -1
479 285
1350 649
1299 556
-1 -1
479 281
1274 565
1274 523
-1 -1
-1 -1
479 280
1280 565
-1 -1
479 282
1275 543
1240 523
-1 -1
-1 -1
479 284
1257 514
1260 517
-1 -1
-1 -1
479 284
1212 460
-1 -1
479 285
1184 424
-1 -1
479 285
1150 391
-1 -1
479 285
1116 357
-1 -1
479 285
1074 331
-1 -1
479 281
1048 313
-1 -1
479 279
1007 297
479 279
988 295
479 278
956 307
479 273
946 310
475 271
930 314
928 320
473 270
934 316
473 274
942 329
472 281
966 334
978 337
-1 -1
476 283
1012 354
1003 348
-1 -1
474 284
1048 366
473 285
1083 383
472 285
1109 408
-1 -1
472 281
1150 449
-1 -1
472 283
1194 484
-1 -1
-1 -1
472 280
1181 464
1164 489
-1 -1
-1 -1
-1 -1
472 279
1257 582
-1 -1
467 278
1268 586
-1 -1
-1 -1
465 278
1300 608
-1 -1
468 278
1312 613
-1 -1
-1 -1
469 278
-1 -1
-1 -1
-1 -1
475 282
-1 -1
-1 -1
-1 -1
477 284
-1 -1
478 284
1282 641
1333 590
1350 658
-1 -1
479 285
1324 649
1290 624
-1 -1
479 285
1324 637
-1 -1
-1 -1
479 285
1240 582
1274 599
-1 -1
479 285
1257 565
-1 -1
-1 -1
-1 -1
475 281
1223 523
1231 531
-1 -1
-1 -1
477 283
1211 496
-1 -1
478 284
1194 461
1189 455
479 284
1161 425
479 290
1130 379
1134 383
479 292
1108 356
484 293
1075 331
483 294
1033 314
486 294
982 312
487 290
955 312
488 288
946 317
-1 -1
488 287
945 319
488 286
937 322
493 291
948 324
-1 -1
495 288
957 331
496 291
985 339
496 293
1029 342
-1 -1
496 294
1082 364
496 289
1118 383
-1 -1
502 288
1151 408
-1 -1
500 291
1162 418
1172 421
499 293
1218 482
502 293
1215 506
1240 531
-1 -1
-1 -1
504 289
1223 523
-1 -1
500 288
1249 541
-1 -1
499 287
-1 -1
-1 -1
498 281
-1 -1
497 279
-1 -1
-1 -1
502 282
1358 624
-1 -1
-1 -1
504 283
1324 590
1333 615
-1 -1
-1 -1
504 284
1299 573
1333 615
-1 -1
-1 -1
505 285
1299 556
1307 590
-1 -1
-1 -1
-1 -1
505 285
1282 556
1299 556
-1 -1
505 290
1263 545
-1 -1
505 292
1229 520
1206 506
-1 -1
505 293
1164 489
1231 497
-1 -1
-1 -1
505 294
1206 455
1206 455
505 294
1229 445
1172 413
505 294
1155 388
501 290
1104 352
-1 -1
499 292
1051 325
498 289
1015 314
501 287
973 298
499 286
961 295
962 295
498 286
954 300
956 299
497 286
941 301
938 302
502 286
943 305
503 290
950 307
500 292
984 314
995 320
499 299
1013 323
498 301
1064 347
492 308
1108 358
494 310
1143 383
-1 -1
491 316
1185 416
500 302
1212 443
509 291
1237 492
507 288
1203 486
1248 514
-1 -1
507 286
1240 489
1248 523
-1 -1
506 286
1316 573
-1 -1
506 281
1273 561
-1 -1
510 282
1309 590
1324 599
-1 -1
508 283
1326 596
511 284
1325 582
-1 -1
-1 -1
512 284
1324 548
-1 -1
513 285
1324 582
1299 556
513 285
1282 570
1290 573
-1 -1
513 285
1261 540
1240 497
-1 -1
-1 -1
513 285
1250 512
513 285
1240 480
-1 -1
-1 -1
513 285
1198 438
513 285
1178 419
1172 413
-1 -1
513 285
1136 385
1130 379
-1 -1
513 285
1093 350
1088 345
509 290
1041 323
507 288
991 313
510 287
971 304
508 287
954 296
510 286
936 303
938 301
508 286
921 306
494 291
919 312
491 306
934 322
483 304
940 338
481 293
1001 356
987 362
480 289
1032 382
475 287
1066 408
476 291
1101 442
483 298
1135 484
1080 447
491 300
1184 526
-1 -1
494 298
1188 553
-1 -1
495 297
1182 548
-1 -1
492 296
1241 599
1240 607
-1 -1
-1 -1
494 290
1257 607
-1 -1
495 288
-1 -1
-1 -1
-1 -1
501 287
-1 -1
-1 -1
504 286
-1 -1
-1 -1
501 286
1265 590
1290 615
-1 -1
499 290
1290 675
1257 590
-1 -1
-1 -1
498 298
1230 571
1240 565
-1 -1
498 300
1225 567
1240 565
-1 -1
497 292
1217 552
-1 -1
497 288
1186 519
497 287
1174 493
492 286
1143 451
494 286
1130 421
1132 424
495 286
995 413
1130 421
501 290
1060 359
503 298
1016 339
-1 -1
504 301
981 322
-1 -1
505 302
978 320
-1 -1
479 292
939 320
474 288
921 320
-1 -1
479 287
919 320
489 296
919 324
493 296
929 329
494 299
950 332
-1 -1
492 298
986 339
484 291
1030 364
486 288
1075 383
482 281
1109 415
481 283
1143 443
-1 -1
490 280
1169 475
494 279
1195 510
1198 514
495 282
1176 513
1189 489
-1 -1
-1 -1
496 289
1210 544
496 288
1236 569
-1 -1
496 287
1240 556
1277 603
-1 -1
-1 -1
502 287
1240 556
1274 599
-1 -1
-1 -1
504 286
1274 582
-1 -1
-1 -1
505 282
1263 568
-1 -1
501 280
1259 567
499 279
1258 566
502 278
1253 560
1215 523
-1 -1
504 278
1214 530
1231 548
-1 -1
504 278
1201 502
-1 -1
505 278
1191 498
-1 -1
-1 -1
510 273
1152 436
-1 -1
512 275
1117 399
-1 -1
509 281
1083 373
-1 -1
508 283
1057 347
507 284
1016 322
506 290
973 313
506 293
939 312
506 290
929 312
506 288
913 312
506 287
903 312
506 282
895 312
506 283
900 314
506 284
906 313
506 281
934 315
945 320
506 283
963 317
961 329
506 290
998 330
506 292
1041 355
506 293
1091 382
506 290
1119 416
506 288
1151 435
-1 -1
506 291
1194 475
1155 447
-1 -1
-1 -1
506 289
1130 548
1198 464
1215 506
506 287
1231 548
1223 514
-1 -1
-1 -1
506 287
1257 624
1215 523
-1 -1
-1 -1
506 281
1265 556
-1 -1
-1 -1
506 279
1283 556
-1 -1
-1 -1
-1 -1
506 279
-1 -1
-1 -1
506 278
-1 -1
-1 -1
506 278
1307 599
-1 -1
-1 -1
506 273
1290 573
-1 -1
-1 -1
506 275
1271 561
-1 -1
-1 -1
506 276
1275 566
1274 573
-1 -1
506 276
1231 531
1253 560
-1 -1
-1 -1
-1 -1
506 277
1248 531
1215 514
1248 531
-1 -1
-1 -1
506 273
1246 547
1172 472
1206 506
506 271
1198 464
-1 -1
506 274
1080 413
500 275
1121 398
1139 396
-1 -1
498 281
1114 374
-1 -1
498 283
1084 348
1080 345
-1 -1
501 284
1034 323
-1 -1
503 291
991 313
506 295
504 293
956 312
505 290
930 312
505 288
920 305
500 292
912 309
-1 -1
503 293
911 310
504 294
911 314
504 294
919 316
505 290
942 317
505 292
971 324
505 293
1013 347
505 289
1058 366
505 287
1100 399
505 281
1147 430
1143 426
-1 -1
505 279
1177 451
505 278
1187 476
1181 455
-1 -1
505 278
1248 506
-1 -1
-1 -1
505 282
1240 514
-1 -1
-1 -1
505 280
1258 548
-1 -1
505 279
1274 556
-1 -1
-1 -1
505 278
-1 -1
-1 -1
505 278
-1 -1
-1 -1
-1 -1
505 278
1324 582
-1 -1
-1 -1
-1 -1
505 278
1290 556
987 523
-1 -1
500 273
1290 556
987 523
-1 -1
502 271
1285 561
1265 573
967 527
504 274
1231 514
1274 556
1278 559
-1 -1
504 275
1230 530
1215 497
-1 -1
-1 -1
505 276
1164 455
1172 480
-1 -1
505 277
1189 464
-1 -1
-1 -1
500 277
1177 437
-1 -1
498 277
1046 385
-1 -1
498 277
1092 373
-1 -1
501 277
1066 341
-1 -1
499 277
1017 315
498 277
974 304
493 277
947 296
500 277
937 295
499 277
929 287
498 282
920 296
-1 -1
502 280
931 302
504 279
938 306
500 282
968 321
499 290
1012 339
493 289
1049 357
494 288
1090 389
1088 388
-1 -1
500 287
1130 421
1130 421
-1 -1
503 286
1172 456
509 282
1201 491
512 274
1189 489
1215 523
-1 -1
-1 -1
-1 -1
509 275
1248 573
1282 582
-1 -1
-1 -1
508 276
-1 -1
-1 -1
-1 -1
507 277
-1 -1
-1 -1
-1 -1
511 277
1282 573
-1 -1
-1 -1
512 277
1299 556
-1 -1
-1 -1
513 273
1280 545
-1 -1
-1 -1
513 275
1281 550
-1 -1
-1 -1
509 276
1276 559
-1 -1
508 276
1253 553
-1 -1
507 277
1249 544
-1 -1
-1 -1
501 282
1220 520
1206 489
-1 -1
-1 -1
-1 -1
498 280
1186 485
1189 480
501 274
1181 459
-1 -1
508 272
1158 425
511 274
1117 391
512 275
1091 357
509 276
1041 331
502 277
998 314
499 277
964 304
498 277
930 310
501 277
912 304
503 277
903 309
-1 -1
504 277
895 310
-1 -1
-1 -1
505 282
894 313
-1 -1
286 244
505 284
899 315
-1 -1
281 244
500 284
905 316
493 285
942 317
278 244
494 285
988 330
495 291
1040 348
1046 354
501 293
1080 379
-1 -1
499 290
1130 413
-1 -1
498 292
1155 405
1155 430
1148 424
-1 -1
502 293
1172 430
1198 464
-1 -1
-1 -1
-1 -1
509 294
1231 506
-1 -1
-1 -1
508 290
1236 524
1248 556
-1 -1
507 282
1266 528
-1 -1
-1 -1
507 280
1274 556
-1 -1
-1 -1
506 282
-1 -1
-1 -1
510 289
1324 590
-1 -1
-1 -1
512 292
1324 585
-1 -1
513 293
1299 615
-1 -1
-1 -1
513 289
1290 556
-1 -1
513 288
1285 556
-1 -1
513 287
1278 561
1265 523
-1 -1
-1 -1
513 286
1269 553
1231 531
-1 -1
-1 -1
513 291
1237 521
-1 -1
513 288
1218 494
513 282
1185 452
-1 -1
509 283
1158 417
-1 -1
507 284
1125 382
-1 -1
-1 -1
507 290
1075 348
506 288
1024 331
-1 -1
506 282
989 305
506 283
955 303
506 284
930 303
506 284
920 296
506 281
904 301
-1 -1
510 283
902 306
508 284
908 312
-1 -1
511 284
920 315
509 285
959 323
501 290
997 332
499 288
1032 341
502 287
1090 380
503 287
1135 408
-1 -1
504 286
1169 434
1130 396
-1 -1
509 286
1211 475
511 286
1245 518
-1 -1
-1 -1
512 286
1231 531
1248 531
-1 -1
-1 -1
513 281
1282 573
-1 -1
-1 -1
513 283
1270 554
-1 -1
513 284
1290 573
-1 -1
-1 -1
513 284
-1 -1
-1 -1
513 285
-1 -1
-1 -1
513 285
1324 649
1299 599
1316 590
-1 -1
-1 -1
513 285
1290 556
513 281
1290 556
-1 -1
-1 -1
513 283
1279 556
1257 523
-1 -1
513 284
1254 537
1240 523
-1 -1
-1 -1
513 281
1212 503
1206 480
-1 -1
-1 -1
513 279
1200 498
1206 485
-1 -1
-1 -1
513 278
1206 455
1206 455
-1 -1
513 278
1171 420
1164 413
513 282
1119 377
513 283
1067 348
513 284
1032 323
-1 -1
513 285
982 305
-1 -1
513 290
955 296
513 293
953 295
513 290
930 287
513 288
905 292
513 287
910 297
-1 -1
513 286
910 299
-1 -1
513 291
929 306
513 293
937 308
513 293
1012 337
-1 -1
513 294
1054 354
-1 -1
513 299
1029 405
1088 379
513 301
1130 405
-1 -1
513 302
1156 415
1164 421
-1 -1
513 302
1161 418
1164 421
-1 -1
513 298
1240 497
-1 -1
513 297
1247 504
-1 -1
513 296
1262 543
-1 -1
513 295
1272 554
-1 -1
-1 -1
513 290
-1 -1
-1 -1
513 287
-1 -1
-1 -1
513 291
1316 582
-1 -1
-1 -1
513 292
1324 556
-1 -1
-1 -1
-1 -1
513 289
1290 556
-1 -1
-1 -1
513 287
1282 556
1299 556
-1 -1
513 286
1270 551
1265 540
-1 -1
-1 -1
513 286
1261 549
1265 540
-1 -1
-1 -1
513 286
1274 548
1206 514
-1 -1
509 286
1223 489
1223 497
-1 -1
-1 -1
507 286
1198 455
-1 -1
510 286
1198 455
-1 -1
508 281
1147 396
-1 -1
507 279
1140 389
1139 388
-1 -1
506 282
1061 335
506 283
1015 314
510 290
973 297
512 292
970 295
512 293
931 287
-1 -1
513 299
928 286
513 298
897 294
513 291
901 302
513 292
908 306
513 293
910 308
513 298
959 329
-1 -1
513 300
967 334
-1 -1
509 301
1046 364
507 298
1053 369
507 297
1130 421
1124 414
-1 -1
506 296
1130 421
1129 419
-1 -1
506 295
1200 474
-1 -1
506 295
1205 479
-1 -1
510 290
1215 523
-1 -1
-1 -1
512 291
1265 564
-1 -1
-1 -1
509 288
-1 -1
-1 -1
511 291
-1 -1
-1 -1
512 288
1316 573
-1 -1
513 287
1320 578
-1 -1
513 281
1299 565
-1 -1
-1 -1
513 283
1274 565
-1 -1
513 283
1278 559
-1 -1
513 284
1276 557
-1 -1
-1 -1
513 284
1255 537
1240 531
-1 -1
-1 -1
513 285
1250 532
1240 531
-1 -1
-1 -1
513 285
1189 464
513 285
1177 444
-1 -1
513 285
1137 402
-1 -1
513 285
1131 397
-1 -1
513 290
1069 350
513 288
1024 323
-1 -1
513 292
981 305
513 298
947 296
513 297
929 295
513 300
912 295
513 301
903 295
-1 -1
513 302
902 295
-1 -1
513 302
913 303
513 308
923 307
513 310
951 314
513 311
958 317
513 307
1046 354
1037 346
513 305
1105 379
1088 371
513 304
1130 396
-1 -1
-1 -1
513 303
1130 396
-1 -1
-1 -1
513 303
1189 447
1206 455
1206 455
-1 -1
513 303
1231 489
1231 480
1224 473
513 303
1251 491
-1 -1
513 303
1270 517
-1 -1
513 303
1310 592
-1 -1
-1 -1
513 303
-1 -1
513 298
-1 -1
-1 -1
513 296
-1 -1
-1 -1
513 296
1307 523
-1 -1
-1 -1
513 295
-1 -1
-1 -1
519 295
1282 556
-1 -1
521 295
1282 556
-1 -1
521 295
1270 545
1265 523
-1 -1
518 289
1231 489
1248 523
-1 -1
-1 -1
516 287
1213 496
1172 506
515 287
1207 461
514 286
1185 425
-1 -1
514 290
1155 388
1159 392
-1 -1
514 292
1110 357
514 298
1058 331
514 301
1015 314
514 302
964 297
514 302
946 287
519 302
929 286
928 286
516 302
913 286
916 286
520 302
896 291
521 302
894 302
522 302
900 313
522 302
912 317
518 308
950 331
516 310
997 349
515 310
1037 371
-1 -1
-1 -1
514 311
1088 405
514 311
1114 430
-1 -1
514 311
1148 458
-1 -1
514 300
1192 508
514 297
1235 544
514 296
1246 547
-1 -1
514 295
1255 554
514 295
1282 599
-1 -1
-1 -1
514 295
-1 -1
-1 -1
514 295
-1 -1
-1 -1
519 295
1316 582
1341 658
-1 -1
521 295
1290 582
-1 -1
-1 -1
521 295
1299 590
-1 -1
522 299
1280 571
-1 -1
522 301
1262 560
1265 556
-1 -1
-1 -1
522 301
1244 544
1257 531
-1 -1
522 302
1241 533
1215 514
-1 -1
-1 -1
518 302
1219 494
1215 489
-1 -1
516 308
1186 459
1181 455
-1 -1
515 306
1158 417
-1 -1
514 305
1122 388
-1 -1
-1 -1
514 304
1088 354
1088 354
514 303
1053 342
514 303
1053 339
1054 337
514 303
977 309
514 303
948 304
514 298
921 303
514 296
919 303
514 296
904 306
509 295
902 308
-1 -1
507 295
908 309
-1 -1
507 295
915 310
506 299
950 310
506 297
997 322
978 362
286 244
506 296
1040 339
506 295
1083 365
506 295
1126 391
-1 -1
506 295
1129 395
-1 -1
506 295
1192 441
-1 -1
-1 -1
506 295
1244 492
-1 -1
510 295
1255 504
1231 506
-1 -1
508 295
1256 505
1231 506
-1 -1
511 295
1274 556
1299 590
-1 -1
-1 -1
512 299
1299 624
1268 556
-1 -1
-1 -1
513 297
1299 590
-1 -1
-1 -1
513 296
1299 578
-1 -1
-1 -1
513 290
1310 580
-1 -1
513 288
1313 580
-1 -1
-1 -1
513 281
1290 582
1265 556
-1 -1
-1 -1
519 279
1274 548
1282 556
-1 -1
-1 -1
517 281
1214 521
515 283
1207 494
-1 -1
515 284
1217 482
1223 480
514 284
1186 443
-1 -1
514 285
1159 409
514 285
1155 405
514 290
1077 350
-1 -1
514 292
1040 322
514 293
982 305
514 294
955 296
514 294
930 301
514 294
912 296
-1 -1
514 294
903 295
-1 -1
514 294
895 299
-1 -1
514 299
886 304
-1 -1
514 301
885 307
514 301
894 308
514 302
901 309
514 302
960 310
514 302
1030 324
1012 320
514 298
1071 354
-1 -1
514 297
1097 372
-1 -1
514 299
1148 406
-1 -1
514 301
1164 413
1181 430
1177 426
-1 -1
514 298
1218 459
1181 438
-1 -1
514 296
1222 463
-1 -1
514 290
1253 517
514 287
1256 522
514 286
1290 556
-1 -1
-1 -1
514 296
1324 565
-1 -1
-1 -1
514 303
514 296
-1 -1
514 295
-1 -1
-1 -1
514 295
1341 573
-1 -1
-1 -1
514 295
1366 652
1324 565
-1 -1
514 295
1299 556
1333 556
-1 -1
514 295
1333 556
1303 556
-1 -1
-1 -1
519 295
1265 540
1274 531
-1 -1
-1 -1
521 295
1246 520
-1 -1
517 295
1231 480
1248 497
1247 502
-1 -1
516 295
1231 480
1248 497
1247 498
-1 -1
515 295
1197 437
1189 430
-1 -1
514 295
1190 431
1189 430
514 295
1144 384
-1 -1
514 299
1100 348
1096 345
-1 -1
514 301
1057 322
519 301
1015 313
521 302
973 304
521 302
954 303
518 302
930 303
-1 -1
516 298
913 303
-1 -1
519 300
911 307
-1 -1
521 301
911 309
521 302
916 310
-1 -1
286 244
522 302
918 311
-1 -1
286 244
517 307
967 311
520 309
1013 322
1020 329
-1 -1
517 306
1058 339
515 305
1100 357
514 304
1143 390
-1 -1
-1 -1
514 303
1146 394
-1 -1
519 298
1172 438
1215 438
-1 -1
520 296
1215 447
1223 455
-1 -1
-1 -1
521 296
1240 489
-1 -1
522 295
1274 590
1257 489
-1 -1
517 289
1290 565
-1 -1
516 287
1290 565
-1 -1
519 290
-1 -1
520 292
-1 -1
-1 -1
521 298
1350 615
1324 607
-1 -1
522 300
1350 615
1324 602
-1 -1
522 301
1330 596
-1 -1
522 302
1319 585
-1 -1
523 303
522 302
1280 554
1299 548
-1 -1
-1 -1
523 303
522 302
1244 519
1240 506
-1 -1
-1 -1
522 298
1265 507
1206 480
-1 -1
-1 -1
522 300
1244 468
522 301
1210 441
-1 -1
522 302
1176 400
522 302
1134 365
522 302
1091 339
522 302
1041 314
522 302
1030 312
517 302
965 289
519 302
954 286
953 286
521 307
937 286
941 286
521 310
936 286
938 286
522 310
928 303
931 297
929 291
522 311
928 295
928 303
522 311
928 311
522 311
934 323
522 311
960 333
523 312
522 316
996 349
-1 -1
522 314
1040 373
1046 379
-1 -1
522 313
1083 407
-1 -1
522 313
1110 419
1113 421
-1 -1
517 307
1151 450
515 305
1178 462
-1 -1
515 304
1181 506
1181 497
1243 533
-1 -1
514 303
1211 524
1231 556
-1 -1
514 303
1207 523
1231 556
-1 -1
514 303
1267 567
-1 -1
514 303
1273 572
-1 -1
514 303
1295 580
-1 -1
514 303
1320 588
-1 -1
514 303
1309 596
514 303
1298 587
1299 556
-1 -1
514 303
1265 565
1240 531
-1 -1
-1 -1
514 298
1253 559
1257 548
-1 -1
514 296
1255 545
1257 540
-1 -1
514 296
1250 534
1164 455
1172 480
-1 -1
514 295
1249 532
1189 480
1172 480
-1 -1
514 299
1180 446
-1 -1
514 300
1158 416
1155 413
-1 -1
-1 -1
514 301
1155 413
1155 413
-1 -1
-1 -1
514 303
514 307
1094 359
514 310
1088 354
514 310
1001 323
-1 -1
514 311
963 313
514 307
930 312
-1 -1
519 305
912 312
521 304
903 312
517 303
895 312
516 303
894 312
-1 -1
515 303
894 312
-1 -1
514 308
913 315
514 309
944 316
-1 -1
514 312
514 310
980 323
514 311
985 326
