455 624
1383 447
1358 447
-1 -1
-1 -1
455 624
1324 421
-1 -1
455 624
1324 421
-1 -1
455 624
1273 395
1282 388
-1 -1
-1 -1
455 618
1266 390
-1 -1
455 626
1220 359
-1 -1
455 629
1222 355
-1 -1
450 630
1161 317
-1 -1
448 637
1109 289
-1 -1
448 639
-1 -1
1063 261
447 640
-1 -1
1020 244
-1 -1
447 640
961 219
-1 -1
-1 -1
447 640
894 210
447 640
869 210
-1 -1
447 645
835 210
-1 -1
447 643
808 215
447 642
796 217
447 642
786 217
447 641
790 230
447 641
800 228
-1 -1
447 641
834 224
-1 -1
447 641
885 210
877 219
-1 -1
-1 -1
447 641
894 210
-1 -1
447 641
952 221
-1 -1
447 641
1022 224
447 641
1083 254
447 645
1143 281
447 643
1194 323
451 642
1274 345
1248 396
-1 -1
-1 -1
453 642
1333 413
-1 -1
453 641
1375 447
-1 -1
-1 -1
454 641
-1 -1
-1 -1
454 641
1451 531
-1 -1
454 636
-1 -1
454 634
-1 -1
-1 -1
-1 -1
454 633
-1 -1
454 632
-1 -1
1425 489
-1 -1
454 636
1392 464
1409 472
-1 -1
454 634
1365 464
1358 447
-1 -1
-1 -1
454 633
1307 413
-1 -1
454 632
1265 388
1282 396
-1 -1
-1 -1
450 637
1198 354
-1 -1
-1 -1
-1 -1
448 639
1164 320
-1 -1
448 639
1104 301
-1 -1
447 640
1067 275
-1 -1
447 640
1032 241
-1 -1
447 640
991 222
-1 -1
447 640
948 197
-1 -1
447 640
897 201
447 640
855 201
447 640
828 206
447 640
811 210
447 640
-1 -1
793 236
447 640
801 236
441 640
812 240
439 645
-1 -1
843 236
-1 -1
439 647
894 219
-1 -1
-1 -1
438 647
928 219
442 648
932 261
444 644
1010 261
-1 -1
445 643
1074 281
-1 -1
446 642
1164 303
-1 -1
-1 -1
446 641
1231 354
1223 388
-1 -1
-1 -1
-1 -1
446 641
1299 413
-1 -1
446 641
1341 455
-1 -1
-1 -1
446 641
1377 491
-1 -1
446 641
1405 535
-1 -1
-1 -1
446 641
-1 -1
-1 -1
-1 -1
451 641
-1 -1
-1 -1
-1 -1
453 641
-1 -1
453 641
-1 -1
1434 523
1425 506
-1 -1
454 641
1392 489
1417 480
-1 -1
454 641
1357 470
-1 -1
-1 -1
450 641
1299 447
1307 447
-1 -1
449 641
1265 413
-1 -1
-1 -1
-1 -1
448 641
1206 388
1223 379
-1 -1
-1 -1
447 641
1147 361
-1 -1
447 641
-1 -1
1096 320
447 641
1054 295
447 641
1012 270
-1 -1
451 641
978 253
449 641
927 233
448 641
890 222
448 641
847 225
447 641
813 229
447 641
795 237
-1 -1
447 641
785 240
447 641
784 248
447 641
795 251
-1 -1
447 641
823 248
447 641
861 246
447 641
905 240
-1 -1
447 641
932 247
447 641
1013 250
-1 -1
447 641
1059 257
-1 -1
447 641
1118 279
1147 278
447 641
1168 330
451 641
1248 354
1231 388
-1 -1
-1 -1
453 635
1316 405
-1 -1
453 633
1342 463
-1 -1
454 633
-1 -1
-1 -1
460 632
-1 -1
462 632
-1 -1
-1 -1
463 632
1442 540
-1 -1
-1 -1
463 632
1442 514
1425 514
-1 -1
-1 -1
463 632
1409 472
1400 480
-1 -1
-1 -1
463 632
1366 455
1366 455
-1 -1
-1 -1
-1 -1
463 632
1316 430
1324 430
-1 -1
463 632
1281 403
-1 -1
463 632
1229 376
1240 379
-1 -1
459 632
1206 345
1164 354
-1 -1
-1 -1
457 632
-1 -1
1122 312
456 632
-1 -1
1071 295
450 637
1029 253
448 639
986 233
-1 -1
451 639
909 222
452 640
847 220
449 640
827 212
448 640
801 210
-1 -1
447 640
-1 -1
789 210
447 640
786 210
-1 -1
447 640
793 210
447 640
811 215
447 640
-1 -1
852 210
447 640
911 202
447 640
937 213
447 640
996 222
447 645
1049 239
-1 -1
447 643
1092 256
447 642
1150 281
451 642
1194 347
459 641
1268 364
1265 396
-1 -1
462 636
1324 405
1316 396
-1 -1
463 634
1341 455
-1 -1
463 633
1367 473
-1 -1
463 632
1402 484
1417 489
-1 -1
463 632
1407 482
463 632
1398 478
-1 -1
-1 -1
463 632
1366 480
-1 -1
463 632
1340 438
1341 438
463 632
1305 417
1307 430
-1 -1
463 632
1262 392
1265 388
-1 -1
-1 -1
463 632
1203 358
459 632
1155 329
-1 -1
-1 -1
457 632
1096 303
456 636
-1 -1
1071 286
-1 -1
459 638
-1 -1
1029 253
-1 -1
457 639
-1 -1
978 244
456 640
911 227
455 640
876 222
450 640
840 220
448 640
813 220
448 645
793 227
-1 -1
447 647
784 236
447 647
784 236
447 648
810 236
447 654
837 236
447 652
879 230
902 227
447 651
899 253
447 650
948 272
447 650
991 298
447 649
-1 -1
1063 329
451 649
1113 354
-1 -1
453 649
1180 404
-1 -1
453 649
1250 458
-1 -1
454 649
1320 476
1307 489
-1 -1
-1 -1
454 649
-1 -1
-1 -1
454 649
-1 -1
-1 -1
-1 -1
454 644
-1 -1
-1 -1
454 642
-1 -1
-1 -1
454 645
1366 506
1375 506
-1 -1
454 643
1355 486
1341 480
-1 -1
-1 -1
454 645
1306 461
1307 455
-1 -1
454 647
1300 457
1307 455
-1 -1
454 644
1206 419
-1 -1
450 646
1158 392
448 647
1100 358
451 647
1065 323
452 644
1029 286
-1 -1
453 642
1029 286
-1 -1
454 645
928 253
450 647
892 247
-1 -1
448 647
849 240
-1 -1
448 648
844 237
-1 -1
447 653
798 230
447 652
785 222
-1 -1
447 650
777 228
447 650
788 231
447 649
795 233
447 649
825 223
-1 -1
447 654
877 220
447 652
922 219
447 655
949 244
451 652
1007 256
453 651
1059 289
-1 -1
453 654
1109 331
454 652
1197 346
1172 362
454 650
1231 388
1248 388
-1 -1
-1 -1
454 650
1281 438
454 649
1318 483
-1 -1
454 649
1366 497
1353 503
-1 -1
-1 -1
454 649
1366 497
1357 505
-1 -1
-1 -1
460 644
1364 493
-1 -1
-1 -1
462 642
1354 496
-1 -1
462 642
1336 474
463 641
1329 468
459 641
1249 404
1257 405
-1 -1
457 635
1202 382
1223 379
-1 -1
456 637
1158 349
-1 -1
455 638
1155 345
-1 -1
-1 -1
455 639
1069 291
-1 -1
455 640
1031 256
-1 -1
455 644
981 253
-1 -1
455 646
939 222
455 647
888 219
455 648
838 219
455 648
803 219
455 648
785 219
455 644
761 223
455 646
743 235
455 647
742 240
455 648
748 238
455 648
758 237
455 648
-1 -1
801 227
455 648
835 210
860 210
455 648
876 215
455 648
929 222
455 648
989 231
455 648
1025 263
455 648
1083 275
-1 -1
455 648
1150 298
1189 312
-1 -1
-1 -1
455 648
-1 -1
1231 354
1223 362
455 648
1282 388
1290 413
-1 -1
-1 -1
455 644
1333 447
1324 447
-1 -1
-1 -1
460 642
1358 480
-1 -1
-1 -1
462 642
1392 506
-1 -1
-1 -1
-1 -1
462 641
-1 -1
-1 -1
463 641
-1 -1
-1 -1
463 641
1409 497
-1 -1
-1 -1
463 641
1383 489
-1 -1
-1 -1
463 641
1357 470
-1 -1
-1 -1
463 641
1322 436
1316 430
-1 -1
459 641
1282 413
1279 401
-1 -1
-1 -1
-1 -1
457 641
-1 -1
1231 371
1206 371
-1 -1
-1 -1
456 641
-1 -1
1198 345
1172 345
455 641
1122 320
-1 -1
455 641
1087 293
455 645
-1 -1
1029 261
-1 -1
455 647
987 244
-1 -1
455 647
-1 -1
945 227
-1 -1
455 648
902 219
-1 -1
455 648
851 213
-1 -1
455 648
814 215
455 648
795 212
455 648
778 221
455 648
761 231
-1 -1
455 648
765 234
455 648
772 235
455 648
790 231
455 648
826 216
455 648
878 206
455 648
899 211
455 648
955 220
455 648
1007 261
455 648
1063 261
-1 -1
-1 -1
455 644
1122 303
455 646
-1 -1
1198 329
-1 -1
455 647
1257 396
-1 -1
-1 -1
460 644
1307 421
-1 -1
-1 -1
462 642
1342 447
-1 -1
462 641
1392 506
-1 -1
-1 -1
463 641
-1 -1
-1 -1
468 641
-1 -1
-1 -1
-1 -1
470 641
1425 506
-1 -1
-1 -1
-1 -1
471 641
1400 480
894 278
-1 -1
471 641
1365 461
894 278
-1 -1
467 641
1338 443
1341 438
894 278
466 641
1290 405
1290 396
-1 -1
-1 -1
465 641
1248 362
1257 379
-1 -1
-1 -1
464 641
1206 354
1198 345
-1 -1
459 641
1130 320
-1 -1
-1 -1
456 641
1095 301
-1 -1
456 641
1043 260
-1 -1
455 645
1008 239
-1 -1
455 647
957 221
-1 -1
455 647
882 219
455 648
861 205
455 648
821 208
455 648
795 209
455 648
777 213
455 648
783 215
-1 -1
455 648
790 216
455 648
799 222
455 648
831 224
455 648
893 221
455 654
931 245
455 656
-1 -1
995 278
-1 -1
455 656
-1 -1
1046 278
-1 -1
455 653
1096 303
455 651
1189 329
455 650
1257 379
1240 405
-1 -1
-1 -1
-1 -1
460 644
1307 438
1307 421
-1 -1
-1 -1
462 642
-1 -1
-1 -1
-1 -1
462 642
-1 -1
-1 -1
-1 -1
463 641
1392 514
-1 -1
-1 -1
468 641
1417 523
-1 -1
-1 -1
470 641
1412 511
-1 -1
-1 -1
471 641
1389 486
-1 -1
-1 -1
471 641
1356 460
-1 -1
471 641
1320 434
-1 -1
467 641
1270 400
-1 -1
-1 -1
459 641
1203 389
1231 379
-1 -1
-1 -1
-1 -1
457 641
1166 349
1189 345
456 645
1116 323
-1 -1
455 647
1074 289
455 647
1032 256
455 648
973 245
455 648
922 229
455 648
872 220
455 648
821 219
455 648
794 224
455 648
761 230
455 648
743 244
-1 -1
455 648
742 249
-1 -1
-1 -1
455 648
742 251
-1 -1
-1 -1
455 648
748 257
-1 -1
-1 -1
455 648
769 255
455 648
809 242
-1 -1
455 648
869 224
455 648
-1 -1
928 236
455 648
987 270
-1 -1
455 654
1054 295
-1 -1
455 652
1105 270
1063 286
-1 -1
-1 -1
455 650
1172 303
1155 345
-1 -1
-1 -1
-1 -1
460 650
1223 379
-1 -1
-1 -1
462 649
1281 384
1299 388
-1 -1
462 649
1335 422
-1 -1
-1 -1
463 649
1375 464
-1 -1
-1 -1
468 649
-1 -1
-1 -1
470 649
1434 523
-1 -1
-1 -1
471 649
1434 523
-1 -1
471 649
1434 514
-1 -1
-1 -1
471 644
1392 464
-1 -1
471 642
1365 458
-1 -1
471 642
1322 436
1316 413
-1 -1
-1 -1
467 641
1270 402
1274 396
-1 -1
-1 -1
466 641
1210 366
-1 -1
459 641
1167 324
456 641
1125 305
-1 -1
455 645
1066 288
-1 -1
455 647
1015 264
-1 -1
-1 -1
455 647
964 239
455 653
914 221
-1 -1
455 652
871 211
455 651
821 217
455 650
786 211
455 650
761 230
455 649
751 237
-1 -1
455 649
750 240
455 649
763 242
-1 -1
455 649
785 239
455 649
833 225
455 649
887 221
455 649
900 228
455 649
964 253
455 654
1015 272
-1 -1
455 656
1059 298
1113 270
-1 -1
460 652
1164 303
462 645
1198 362
-1 -1
-1 -1
462 643
1299 388
1290 405
-1 -1
-1 -1
463 642
1350 447
-1 -1
-1 -1
463 641
1368 458
-1 -1
468 641
1400 489
-1 -1
-1 -1
470 641
-1 -1
-1 -1
471 641
-1 -1
-1 -1
471 641
-1 -1
1425 489
1400 489
-1 -1
-1 -1
471 641
1366 455
471 641
1340 436
-1 -1
-1 -1
467 641
1296 402
1299 413
-1 -1
469 635
1236 390
1257 388
-1 -1
-1 -1
466 637
1201 358
1223 362
-1 -1
-1 -1
465 639
1198 354
1223 362
-1 -1
-1 -1
459 639
-1 -1
1105 295
-1 -1
456 640
-1 -1
1054 278
455 645
1012 253
455 646
961 233
455 647
907 222
-1 -1
455 648
856 220
-1 -1
455 648
821 219
455 648
818 219
455 648
771 221
455 648
760 230
455 648
759 239
-1 -1
455 648
759 241
-1 -1
455 648
774 243
455 648
782 243
455 654
869 236
-1 -1
455 656
911 253
-1 -1
455 656
-1 -1
987 270
455 657
1020 270
-1 -1
455 653
-1 -1
1071 295
-1 -1
455 651
-1 -1
1071 295
-1 -1
460 650
1215 371
-1 -1
462 644
1219 375
-1 -1
468 642
1323 421
-1 -1
470 641
1362 450
-1 -1
-1 -1
471 641
-1 -1
-1 -1
471 641
-1 -1
-1 -1
471 641
1434 514
-1 -1
-1 -1
471 641
1409 497
-1 -1
-1 -1
-1 -1
471 641
1392 480
-1 -1
-1 -1
471 641
1358 455
1358 447
-1 -1
471 641
1315 428
1307 438
-1 -1
-1 -1
471 641
1308 423
1307 438
-1 -1
-1 -1
467 641
-1 -1
1231 371
-1 -1
465 641
1189 345
1164 354
-1 -1
-1 -1
465 641
1113 329
-1 -1
464 641
1118 323
-1 -1
458 645
1046 261
-1 -1
456 647
-1 -1
1037 253
-1 -1
455 647
911 227
455 648
884 222
455 648
832 214
455 648
827 211
455 648
772 214
-1 -1
455 648
767 216
455 648
745 229
455 648
749 239
455 648
760 242
455 648
764 239
455 648
832 226
-1 -1
455 648
841 222
-1 -1
455 648
921 220
455 648
927 219
455 654
1020 261
-1 -1
-1 -1
455 656
1020 266
-1 -1
-1 -1
455 652
1130 337
-1 -1
455 651
1130 337
-1 -1
460 645
1290 421
-1 -1
-1 -1
462 643
1332 440
-1 -1
-1 -1
468 642
-1 -1
-1 -1
470 641
-1 -1
-1 -1
471 641
1442 523
-1 -1
471 641
1442 523
-1 -1
471 641
1417 489
-1 -1
-1 -1
471 641
1375 464
-1 -1
471 641
1340 452
-1 -1
467 641
1296 435
-1 -1
-1 -1
466 641
1261 402
1265 405
-1 -1
-1 -1
465 641
1249 397
1265 405
-1 -1
-1 -1
459 641
1164 320
456 641
1096 308
-1 -1
455 641
1050 299
-1 -1
455 641
1046 296
-1 -1
455 645
951 235
455 647
905 221
-1 -1
455 647
846 219
455 648
812 219
455 648
786 219
459 648
768 225
457 648
760 235
-1 -1
456 648
759 235
-1 -1
456 648
771 239
455 644
786 238
455 646
825 231
455 647
832 229
455 647
945 236
-1 -1
455 648
-1 -1
961 253
455 648
1020 278
-1 -1
-1 -1
455 648
1020 278
-1 -1
-1 -1
460 648
1172 312
1130 303
-1 -1
-1 -1
462 644
1231 345
1206 354
-1 -1
462 636
1274 379
-1 -1
463 638
1324 413
-1 -1
463 639
1361 457
-1 -1
-1 -1
463 639
-1 -1
463 640
-1 -1
-1 -1
468 640
-1 -1
-1 -1
470 640
1434 514
-1 -1
-1 -1
470 640
-1 -1
-1 -1
471 640
1366 447
-1 -1
471 640
1366 447
-1 -1
467 635
1307 420
1299 405
-1 -1
469 633
1257 388
1257 388
-1 -1
-1 -1
466 637
1214 361
1223 354
465 638
1145 326
464 639
1092 306
-1 -1
459 644
1004 303
-1 -1
-1 -1
456 643
987 253
455 646
952 241
455 647
884 224
455 648
846 213
455 648
813 216
455 648
-1 -1
776 219
455 648
-1 -1
764 223
455 648
750 227
455 648
750 232
455 648
769 234
455 648
795 234
455 648
845 224
455 648
880 225
455 648
911 244
-1 -1
-1 -1
455 648
936 261
455 648
1027 279
-1 -1
455 648
1059 306
-1 -1
460 648
1157 364
462 648
1211 408
462 644
1278 412
-1 -1
468 642
1337 459
470 642
1375 514
-1 -1
-1 -1
471 641
-1 -1
-1 -1
471 641
-1 -1
-1 -1
471 641
1434 523
1442 540
-1 -1
471 641
1400 489
-1 -1
-1 -1
471 641
1366 489
-1 -1
471 641
1331 462
-1 -1
471 641
1288 435
1282 430
-1 -1
-1 -1
467 641
1228 401
1240 396
-1 -1
465 641
1176 374
1206 379
-1 -1
-1 -1
459 641
-1 -1
1130 354
-1 -1
456 641
-1 -1
1088 329
-1 -1
455 645
1037 295
-1 -1
455 647
1020 261
-1 -1
-1 -1
455 647
-1 -1
945 261
455 648
911 244
455 648
-1 -1
911 244
459 648
843 219
457 648
808 230
456 648
781 233
456 648
777 234
455 648
754 240
455 648
750 242
-1 -1
455 648
759 243
-1 -1
455 648
782 240
455 648
818 232
455 648
854 216
894 202
-1 -1
455 648
929 219
455 648
982 221
455 648
1017 261
-1 -1
455 648
1019 267
-1 -1
460 648
1115 290
-1 -1
-1 -1
462 648
1185 338
-1 -1
462 644
1253 359
1265 371
-1 -1
463 636
1256 354
1265 371
-1 -1
468 638
1341 447
1350 447
-1 -1
-1 -1
470 639
1383 480
1359 458
-1 -1
-1 -1
471 639
1392 489
-1 -1
-1 -1
471 640
1392 489
-1 -1
-1 -1
471 640
1372 483
-1 -1
471 640
1339 461
-1 -1
-1 -1
471 640
1324 430
1316 430
-1 -1
-1 -1
471 640
1265 413
1290 413
-1 -1
-1 -1
471 640
1230 394
471 640
1194 360
-1 -1
467 635
-1 -1
1139 320
465 637
1096 312
-1 -1
459 639
1061 292
456 639
1055 288
455 644
944 243
-1 -1
459 646
897 222
457 647
838 226
456 648
812 220
455 648
778 224
455 644
752 228
-1 -1
455 646
727 236
-1 -1
455 643
725 246
-1 -1
455 646
725 250
-1 -1
455 647
736 251
455 647
745 248
455 648
750 246
455 648
816 233
455 648
892 220
885 219
455 648
911 227
-1 -1
455 648
961 246
-1 -1
460 644
1014 264
-1 -1
462 642
877 286
1096 278
-1 -1
-1 -1
468 642
1164 286
1198 303
-1 -1
470 641
1164 286
-1 -1
471 635
1280 361
471 633
1289 369
471 636
1392 472
-1 -1
-1 -1
471 638
1434 514
-1 -1
-1 -1
-1 -1
471 639
-1 -1
471 639
-1 -1
-1 -1
471 640
1442 497
-1 -1
-1 -1
471 635
1416 471
1400 489
-1 -1
471 633
1366 447
1392 447
-1 -1
471 633
1392 447
1366 447
-1 -1
-1 -1
471 636
1274 396
1290 396
-1 -1
-1 -1
471 638
1231 377
-1 -1
467 639
1215 345
1189 345
-1 -1
-1 -1
465 640
1215 345
1189 345
-1 -1
-1 -1
465 640
-1 -1
1080 303
-1 -1
464 640
-1 -1
1080 303
458 640
1004 253
-1 -1
456 640
-1 -1
953 253
-1 -1
459 640
902 236
461 640
867 230
462 640
831 228
462 640
797 232
463 645
762 239
-1 -1
458 643
751 241
-1 -1
456 646
750 242
-1 -1
456 644
750 243
455 646
758 243
-1 -1
-1 -1
455 647
764 243
-1 -1
-1 -1
455 648
807 232
455 648
-1 -1
885 210
-1 -1
455 648
902 219
455 644
969 223
459 636
1047 225
-1 -1
-1 -1
461 638
1053 225
-1 -1
468 639
1198 286
1164 286
-1 -1
470 639
1257 329
1248 329
-1 -1
-1 -1
471 640
1316 379
-1 -1
471 640
-1 -1
1358 413
-1 -1
471 640
1400 455
-1 -1
471 640
1400 455
-1 -1
471 640
-1 -1
476 640
-1 -1
-1 -1
478 640
1434 506
1459 489
-1 -1
479 640
1434 506
1459 489
-1 -1
479 640
1374 463
-1 -1
479 640
1337 426
-1 -1
-1 -1
475 640
1294 399
1299 396
-1 -1
-1 -1
-1 -1
474 640
1244 381
1265 379
-1 -1
-1 -1
473 640
1478 276
1206 345
-1 -1
-1 -1
472 640
1169 307
472 640
1099 296
-1 -1
467 640
1064 265
465 640
1022 239
465 640
964 221
464 640
913 211
464 640
918 210
458 640
823 210
456 645
766 413
793 210
455 647
753 413
781 215
455 647
751 413
778 217
455 648
750 421
764 223
-1 -1
455 648
759 227
750 421
455 648
763 238
450 648
786 241
448 648
819 242
-1 -1
451 648
863 240
-1 -1
452 648
-1 -1
894 244
-1 -1
453 648
928 270
-1 -1
454 648
1054 261
1020 270
-1 -1
454 648
1063 312
459 648
1121 323
-1 -1
461 644
1223 371
1198 388
-1 -1
-1 -1
462 642
1290 438
1282 405
-1 -1
463 642
1290 438
1282 405
-1 -1
463 641
1341 464
-1 -1
463 641
1348 469
-1 -1
463 641
1394 500
-1 -1
463 641
1392 492
-1 -1
463 645
1382 483
463 647
1346 463
1350 447
-1 -1
463 647
1290 421
1307 421
-1 -1
-1 -1
463 644
1248 395
1257 405
-1 -1
463 643
1223 379
1198 379
-1 -1
463 642
-1 -1
1181 345
1164 354
-1 -1
463 641
-1 -1
1181 345
1164 354
-1 -1
458 641
1071 286
-1 -1
461 641
-1 -1
1029 286
-1 -1
-1 -1
462 641
1029 286
-1 -1
-1 -1
-1 -1
-1 -1
458 641
945 244
456 641
945 244
455 645
852 232
-1 -1
455 647
805 234
455 644
778 234
-1 -1
455 646
752 239
455 644
735 247
455 642
726 256
455 642
725 255
-1 -1
455 641
725 254
-1 -1
455 645
753 253
455 643
784 242
-1 -1
-1 -1
455 642
828 238
455 642
833 237
