-1 -1
-1 -1
-1 -1
-1 -1
489 666
-1 -1
-1 -1
489 666
-1 -1
-1 -1
489 666
-1 -1
-1 -1
-1 -1
-1 -1
489 661
-1 -1
-1 -1
489 659
-1 -1
-1 -1
489 659
-1 -1
-1 -1
489 658
-1 -1
489 658
-1 -1
-1 -1
489 658
-1 -1
-1 -1
489 652
-1 -1
-1 -1
489 650
-1 -1
-1 -1
-1 -1
-1 -1
489 650
-1 -1
-1 -1
483 660
-1 -1
-1 -1
481 663
-1 -1
481 671
-1 -1
-1 -1
491 664
-1 -1
471 684
-1 -1
481 668
-1 -1
485 662
-1 -1
486 653
-1 -1
-1 -1
500 650
-1 -1
-1 -1
-1 -1
-1 -1
503 653
-1 -1
-1 -1
496 675
-1 -1
-1 -1
496 672
-1 -1
-1 -1
485 670
-1 -1
487 663
-1 -1
482 664
-1 -1
491 661
-1 -1
-1 -1
-1 -1
-1 -1
490 669
-1 -1
-1 -1
489 658
-1 -1
-1 -1
-1 -1
489 658
-1 -1
-1 -1
489 658
-1 -1
-1 -1
489 658
-1 -1
489 658
-1 -1
-1 -1
-1 -1
489 658
-1 -1
489 662
-1 -1
-1 -1
-1 -1
489 664
-1 -1
-1 -1
-1 -1
489 664
-1 -1
-1 -1
-1 -1
-1 -1
489 665
-1 -1
-1 -1
489 665
-1 -1
-1 -1
-1 -1
-1 -1
500 661
-1 -1
-1 -1
-1 -1
-1 -1
495 660
-1 -1
489 658
-1 -1
-1 -1
489 662
-1 -1
-1 -1
489 664
-1 -1
-1 -1
483 664
-1 -1
-1 -1
485 661
-1 -1
-1 -1
487 660
-1 -1
-1 -1
487 659
-1 -1
483 662
-1 -1
485 660
-1 -1
487 659
-1 -1
487 658
-1 -1
-1 -1
488 658
-1 -1
488 662
-1 -1
488 670
-1 -1
-1 -1
-1 -1
-1 -1
483 678
-1 -1
-1 -1
481 681
-1 -1
485 679
-1 -1
486 672
-1 -1
-1 -1
483 673
-1 -1
-1 -1
-1 -1
-1 -1
480 683
-1 -1
-1 -1
-1 -1
-1 -1
-1 -1
485 671
-1 -1
-1 -1
483 668
-1 -1
-1 -1
-1 -1
481 667
-1 -1
-1 -1
481 666
-1 -1
-1 -1
-1 -1
485 666
-1 -1
-1 -1
-1 -1
487 661
-1 -1
489 666
-1 -1
1459 573
-1 -1
489 661
-1 -1
-1 -1
-1 -1
-1 -1
489 663
-1 -1
-1 -1
-1 -1
489 660
-1 -1
-1 -1
-1 -1
489 659
-1 -1
-1 -1
-1 -1
489 658
-1 -1
-1 -1
-1 -1
-1 -1
489 658
-1 -1
-1 -1
-1 -1
-1 -1
489 662
-1 -1
489 658
-1 -1
-1 -1
493 658
-1 -1
-1 -1
495 658
-1 -1
-1 -1
495 658
-1 -1
496 652
-1 -1
496 654
-1 -1
492 656
-1 -1
491 661
-1 -1
490 660
-1 -1
489 663
-1 -1
-1 -1
489 661
-1 -1
489 659
-1 -1
489 659
-1 -1
-1 -1
489 658
-1 -1
489 658
-1 -1
489 662
-1 -1
-1 -1
489 664
-1 -1
489 661
-1 -1
-1 -1
483 669
-1 -1
-1 -1
485 672
-1 -1
-1 -1
487 670
-1 -1
-1 -1
-1 -1
492 668
-1 -1
-1 -1
494 662
-1 -1
-1 -1
-1 -1
489 666
-1 -1
-1 -1
489 666
-1 -1
489 666
-1 -1
-1 -1
489 666
-1 -1
-1 -1
-1 -1
493 661
-1 -1
-1 -1
-1 -1
-1 -1
491 663
-1 -1
-1 -1
-1 -1
490 664
-1 -1
-1 -1
-1 -1
-1 -1
-1 -1
-1 -1
490 661
-1 -1
-1 -1
-1 -1
493 659
-1 -1
-1 -1
495 658
-1 -1
-1 -1
-1 -1
495 658
-1 -1
-1 -1
-1 -1
489 658
-1 -1
-1 -1
489 652
-1 -1
-1 -1
489 654
-1 -1
-1 -1
489 656
-1 -1
489 656
-1 -1
-1 -1
489 657
-1 -1
483 662
-1 -1
481 670
-1 -1
-1 -1
485 664
-1 -1
486 664
-1 -1
-1 -1
-1 -1
487 665
-1 -1
483 665
-1 -1
481 665
-1 -1
481 671
-1 -1
-1 -1
485 663
-1 -1
486 660
-1 -1
487 662
-1 -1
488 664
-1 -1
-1 -1
488 660
-1 -1
488 669
-1 -1
488 672
-1 -1
488 669
-1 -1
-1 -1
-1 -1
-1 -1
-1 -1
488 663
-1 -1
-1 -1
489 658
-1 -1
-1 -1
489 662
-1 -1
489 666
-1 -1
-1 -1
-1 -1
493 666
-1 -1
-1 -1
-1 -1
497 666
-1 -1
-1 -1
497 661
-1 -1
497 658
-1 -1
-1 -1
-1 -1
-1 -1
497 658
-1 -1
-1 -1
-1 -1
-1 -1
497 658
-1 -1
497 658
-1 -1
-1 -1
497 658
-1 -1
-1 -1
497 658
-1 -1
497 658
-1 -1
-1 -1
-1 -1
497 662
-1 -1
-1 -1
-1 -1
492 670
-1 -1
-1 -1
490 668
-1 -1
490 667
-1 -1
484 671
-1 -1
485 673
-1 -1
-1 -1
482 670
-1 -1
485 668
-1 -1
482 662
-1 -1
481 660
-1 -1
480 669
-1 -1
480 668
-1 -1
-1 -1
480 671
-1 -1
480 669
-1 -1
480 668
-1 -1
484 677
-1 -1
-1 -1
-1 -1
489 675
-1 -1
489 658
-1 -1
-1 -1
-1 -1
489 666
-1 -1
-1 -1
-1 -1
-1 -1
489 666
-1 -1
489 666
-1 -1
-1 -1
-1 -1
-1 -1
489 671
-1 -1
-1 -1
489 669
-1 -1
-1 -1
489 667
-1 -1
489 667
-1 -1
-1 -1
-1 -1
-1 -1
-1 -1
-1 -1
489 666
-1 -1
489 666
-1 -1
-1 -1
-1 -1
489 666
-1 -1
-1 -1
-1 -1
-1 -1
489 675
-1 -1
480 675
-1 -1
480 669
-1 -1
485 667
-1 -1
-1 -1
487 671
-1 -1
-1 -1
487 672
-1 -1
484 673
-1 -1
482 678
-1 -1
-1 -1
481 671
-1 -1
-1 -1
480 668
-1 -1
-1 -1
480 662
-1 -1
480 663
-1 -1
-1 -1
480 660
-1 -1
480 659
-1 -1
480 658
-1 -1
480 668
-1 -1
-1 -1
480 685
-1 -1
485 683
-1 -1
482 683
-1 -1
486 683
-1 -1
487 672
-1 -1
-1 -1
488 684
-1 -1
488 672
-1 -1
-1 -1
-1 -1
-1 -1
-1 -1
489 666
-1 -1
489 666
-1 -1
-1 -1
489 666
-1 -1
-1 -1
-1 -1
-1 -1
489 666
-1 -1
-1 -1
-1 -1
489 666
-1 -1
-1 -1
-1 -1
-1 -1
489 666
-1 -1
-1 -1
489 666
-1 -1
489 666
-1 -1
489 666
-1 -1
-1 -1
-1 -1
489 658
-1 -1
-1 -1
-1 -1
489 652
-1 -1
489 658
-1 -1
-1 -1
-1 -1
-1 -1
489 658
-1 -1
489 649
-1 -1
-1 -1
489 654
-1 -1
-1 -1
489 656
-1 -1
-1 -1
489 662
-1 -1
489 664
-1 -1
489 661
-1 -1
489 660
-1 -1
489 659
-1 -1
489 659
-1 -1
489 662
-1 -1
489 664
-1 -1
489 665
-1 -1
489 665
-1 -1
489 661
-1 -1
-1 -1
489 660
-1 -1
-1 -1
489 659
-1 -1
489 658
-1 -1
489 662
-1 -1
489 670
-1 -1
489 672
-1 -1
-1 -1
489 670
-1 -1
-1 -1
-1 -1
-1 -1
489 668
-1 -1
-1 -1
-1 -1
-1 -1
-1 -1
-1 -1
489 667
-1 -1
-1 -1
-1 -1
-1 -1
489 667
-1 -1
-1 -1
-1 -1
489 662
-1 -1
-1 -1
-1 -1
-1 -1
493 660
-1 -1
-1 -1
491 659
-1 -1
-1 -1
490 658
-1 -1
-1 -1
-1 -1
490 662
-1 -1
-1 -1
-1 -1
489 663
-1 -1
-1 -1
-1 -1
489 664
-1 -1
-1 -1
-1 -1
489 665
-1 -1
-1 -1
-1 -1
-1 -1
-1 -1
489 665
-1 -1
-1 -1
-1 -1
-1 -1
-1 -1
489 661
-1 -1
489 658
-1 -1
-1 -1
-1 -1
489 652
-1 -1
-1 -1
489 654
-1 -1
489 656
-1 -1
-1 -1
-1 -1
489 661
-1 -1
-1 -1
489 663
-1 -1
-1 -1
-1 -1
489 664
-1 -1
-1 -1
489 665
-1 -1
-1 -1
483 671
-1 -1
485 669
-1 -1
487 668
-1 -1
487 667
-1 -1
-1 -1
488 667
-1 -1
488 666
-1 -1
483 666
-1 -1
481 666
-1 -1
485 666
-1 -1
486 666
-1 -1
487 671
-1 -1
488 669
-1 -1
-1 -1
488 678
-1 -1
-1 -1
493 672
-1 -1
491 669
-1 -1
-1 -1
-1 -1
-1 -1
490 672
-1 -1
-1 -1
-1 -1
-1 -1
490 669
-1 -1
-1 -1
489 667
-1 -1
-1 -1
-1 -1
489 662
-1 -1
-1 -1
489 663
-1 -1
-1 -1
493 664
1434 523
-1 -1
-1 -1
-1 -1
495 664
1434 517
-1 -1
-1 -1
-1 -1
495 670
-1 -1
-1 -1
-1 -1
496 668
-1 -1
497 666
-1 -1
-1 -1
-1 -1
-1 -1
-1 -1
-1 -1
497 666
-1 -1
-1 -1
-1 -1
-1 -1
492 666
-1 -1
-1 -1
-1 -1
497 666
-1 -1
492 661
-1 -1
-1 -1
-1 -1
490 659
-1 -1
-1 -1
493 662
-1 -1
-1 -1
491 670
-1 -1
-1 -1
490 672
-1 -1
-1 -1
489 669
-1 -1
484 672
-1 -1
485 669
-1 -1
486 672
-1 -1
487 663
-1 -1
488 664
-1 -1
-1 -1
488 660
-1 -1
488 659
-1 -1
488 662
-1 -1
488 663
-1 -1
488 670
-1 -1
483 678
-1 -1
-1 -1
-1 -1
485 677
-1 -1
-1 -1
-1 -1
487 680
-1 -1
487 672
-1 -1
-1 -1
-1 -1
-1 -1
-1 -1
492 669
-1 -1
-1 -1
-1 -1
-1 -1
491 667
-1 -1
-1 -1
-1 -1
494 666
-1 -1
-1 -1
-1 -1
492 666
-1 -1
-1 -1
-1 -1
490 661
-1 -1
-1 -1
-1 -1
490 663
-1 -1
-1 -1
-1 -1
493 660
-1 -1
-1 -1
-1 -1
495 659
-1 -1
-1 -1
495 662
-1 -1
-1 -1
492 663
-1 -1
-1 -1
-1 -1
491 664
-1 -1
-1 -1
-1 -1
-1 -1
-1 -1
490 665
-1 -1
489 666
-1 -1
-1 -1
489 671
-1 -1
-1 -1
489 669
-1 -1
489 667
-1 -1
489 667
-1 -1
489 666
-1 -1
483 671
-1 -1
485 669
-1 -1
487 667
-1 -1
487 671
-1 -1
488 669
-1 -1
-1 -1
488 667
-1 -1
-1 -1
-1 -1
488 667
-1 -1
-1 -1
-1 -1
488 666
-1 -1
-1 -1
-1 -1
483 666
-1 -1
485 661
-1 -1
-1 -1
487 663
-1 -1
487 670
-1 -1
-1 -1
-1 -1
488 668
-1 -1
493 672
-1 -1
-1 -1
-1 -1
-1 -1
491 663
-1 -1
-1 -1
-1 -1
-1 -1
-1 -1
-1 -1
490 664
-1 -1
-1 -1
-1 -1
490 664
-1 -1
497 666
-1 -1
-1 -1
-1 -1
-1 -1
-1 -1
497 666
-1 -1
-1 -1
-1 -1
497 666
-1 -1
-1 -1
497 666
-1 -1
-1 -1
-1 -1
497 666
-1 -1
497 675
-1 -1
-1 -1
-1 -1
-1 -1
497 675
-1 -1
-1 -1
497 675
-1 -1
-1 -1
492 675
-1 -1
-1 -1
-1 -1
-1 -1
494 669
-1 -1
-1 -1
-1 -1
-1 -1
495 671
-1 -1
-1 -1
492 668
-1 -1
489 666
-1 -1
493 666
-1 -1
-1 -1
495 661
-1 -1
-1 -1
495 663
-1 -1
-1 -1
-1 -1
492 664
-1 -1
491 664
-1 -1
-1 -1
490 665
-1 -1
489 670
-1 -1
489 668
-1 -1
489 672
-1 -1
489 685
-1 -1
-1 -1
489 681
-1 -1
489 672
-1 -1
-1 -1
489 669
-1 -1
489 667
-1 -1
489 667
-1 -1
489 666
-1 -1
489 666
-1 -1
489 666
-1 -1
-1 -1
483 670
-1 -1
-1 -1
-1 -1
485 672
-1 -1
-1 -1
-1 -1
489 666
-1 -1
-1 -1
-1 -1
-1 -1
493 666
-1 -1
-1 -1
-1 -1
495 666
-1 -1
497 666
-1 -1
-1 -1
-1 -1
-1 -1
502 661
-1 -1
-1 -1
500 663
-1 -1
-1 -1
503 664
-1 -1
-1 -1
-1 -1
-1 -1
-1 -1
500 670
-1 -1
497 666
-1 -1
-1 -1
-1 -1
497 666
-1 -1
497 658
-1 -1
-1 -1
-1 -1
-1 -1
-1 -1
-1 -1
489 666
-1 -1
-1 -1
-1 -1
-1 -1
493 671
-1 -1
-1 -1
-1 -1
-1 -1
495 673
-1 -1
492 669
-1 -1
-1 -1
-1 -1
494 668
-1 -1
-1 -1
492 667
-1 -1
490 671
-1 -1
490 673
-1 -1
-1 -1
489 673
-1 -1
-1 -1
489 674
-1 -1
489 674
-1 -1
489 670
-1 -1
489 668
-1 -1
489 667
-1 -1
-1 -1
489 661
-1 -1
-1 -1
489 669
-1 -1
489 672
-1 -1
-1 -1
489 678
-1 -1
-1 -1
489 681
-1 -1
489 672
-1 -1
-1 -1
489 673
-1 -1
-1 -1
489 669
-1 -1
-1 -1
-1 -1
489 667
-1 -1
-1 -1
-1 -1
493 666
-1 -1
-1 -1
495 666
-1 -1
-1 -1
-1 -1
497 666
-1 -1
-1 -1
-1 -1
502 666
-1 -1
-1 -1
500 666
-1 -1
-1 -1
498 666
-1 -1
-1 -1
-1 -1
498 666
-1 -1
-1 -1
-1 -1
1434 506
497 666
-1 -1
-1 -1
-1 -1
497 666
-1 -1
-1 -1
-1 -1
497 666
-1 -1
-1 -1
-1 -1
-1 -1
502 666
-1 -1
-1 -1
-1 -1
-1 -1
504 666
-1 -1
-1 -1
-1 -1
500 666
-1 -1
-1 -1
-1 -1
493 666
-1 -1
-1 -1
494 661
-1 -1
-1 -1
495 659
-1 -1
-1 -1
491 659
-1 -1
-1 -1
490 662
-1 -1
-1 -1
-1 -1
489 663
-1 -1
489 670
-1 -1
489 672
-1 -1
483 679
-1 -1
485 677
-1 -1
-1 -1
486 676
-1 -1
487 670
-1 -1
488 672
-1 -1
488 669
-1 -1
488 667
-1 -1
483 661
-1 -1
-1 -1
481 659
-1 -1
-1 -1
485 662
-1 -1
486 663
-1 -1
-1 -1
487 664
-1 -1
-1 -1
-1 -1
488 664
-1 -1
-1 -1
488 670
-1 -1
-1 -1
488 672
-1 -1
-1 -1
-1 -1
-1 -1
493 669
-1 -1
-1 -1
-1 -1
495 672
-1 -1
-1 -1
495 673
-1 -1
-1 -1
496 674
-1 -1
-1 -1
496 669
-1 -1
-1 -1
496 668
-1 -1
-1 -1
-1 -1
496 667
-1 -1
-1 -1
496 666
-1 -1
489 666
-1 -1
-1 -1
-1 -1
-1 -1
497 666
-1 -1
-1 -1
-1 -1
-1 -1
492 666
-1 -1
-1 -1
-1 -1
-1 -1
490 666
-1 -1
489 666
-1 -1
489 666
-1 -1
-1 -1
489 666
-1 -1
-1 -1
489 661
-1 -1
-1 -1
489 663
-1 -1
489 670
-1 -1
-1 -1
489 672
-1 -1
489 673
-1 -1
489 674
-1 -1
489 670
-1 -1
493 668
-1 -1
-1 -1
495 667
-1 -1
-1 -1
492 666
-1 -1
491 661
-1 -1
490 663
-1 -1
489 664
-1 -1
-1 -1
489 664
-1 -1
489 665
-1 -1
-1 -1
-1 -1
489 670
-1 -1
-1 -1
-1 -1
489 672
-1 -1
-1 -1
-1 -1
-1 -1
489 673
-1 -1
-1 -1
-1 -1
-1 -1
493 663
-1 -1
491 664
-1 -1
-1 -1
-1 -1
497 666
-1 -1
-1 -1
-1 -1
497 666
-1 -1
492 666
-1 -1
-1 -1
490 666
-1 -1
-1 -1
490 666
-1 -1
-1 -1
-1 -1
489 666
-1 -1
-1 -1
489 666
-1 -1
-1 -1
489 666
-1 -1
-1 -1
489 666
-1 -1
-1 -1
-1 -1
493 666
-1 -1
-1 -1
-1 -1
-1 -1
501 661
-1 -1
497 666
-1 -1
-1 -1
497 661
-1 -1
497 663
-1 -1
-1 -1
-1 -1
492 670
-1 -1
-1 -1
490 668
-1 -1
490 672
-1 -1
489 673
-1 -1
489 674
-1 -1
489 679
-1 -1
489 681
-1 -1
-1 -1
493 682
-1 -1
-1 -1
491 678
-1 -1
490 671
-1 -1
490 662
-1 -1
484 659
-1 -1
486 661
-1 -1
487 662
-1 -1
-1 -1
487 660
-1 -1
-1 -1
488 662
-1 -1
492 663
-1 -1
-1 -1
494 664
-1 -1
-1 -1
492 670
-1 -1
494 668
-1 -1
495 667
-1 -1
-1 -1
501 662
-1 -1
-1 -1
-1 -1
500 660
-1 -1
-1 -1
499 659
-1 -1
-1 -1
498 658
-1 -1
493 662
-1 -1
-1 -1
-1 -1
-1 -1
-1 -1
494 663
-1 -1
-1 -1
501 661
-1 -1
497 658
-1 -1
-1 -1
-1 -1
-1 -1
-1 -1
497 666
-1 -1
-1 -1
-1 -1
497 666
-1 -1
-1 -1
-1 -1
-1 -1
497 661
-1 -1
489 658
-1 -1
-1 -1
-1 -1
489 658
-1 -1
-1 -1
-1 -1
489 662
-1 -1
-1 -1
-1 -1
489 664
-1 -1
-1 -1
489 664
-1 -1
-1 -1
489 665
-1 -1
489 665
-1 -1
-1 -1
493 665
-1 -1
491 661
-1 -1
490 663
-1 -1
490 664
-1 -1
489 665
-1 -1
489 665
-1 -1
-1 -1
489 661
-1 -1
-1 -1
489 663
-1 -1
489 664
-1 -1
489 664
-1 -1
-1 -1
-1 -1
489 665
-1 -1
493 665
-1 -1
491 665
-1 -1
-1 -1
490 665
-1 -1
-1 -1
490 677
-1 -1
-1 -1
-1 -1
493 672
-1 -1
-1 -1
495 663
-1 -1
-1 -1
-1 -1
495 660
-1 -1
-1 -1
-1 -1
-1 -1
-1 -1
-1 -1
496 662
-1 -1
-1 -1
-1 -1
-1 -1
496 663
-1 -1
-1 -1
-1 -1
496 664
-1 -1
-1 -1
-1 -1
496 665
-1 -1
-1 -1
496 665
-1 -1
-1 -1
-1 -1
496 665
-1 -1
-1 -1
-1 -1
-1 -1
502 665
-1 -1
-1 -1
-1 -1
-1 -1
504 665
-1 -1
506 666
-1 -1
-1 -1
506 666
-1 -1
497 675
-1 -1
-1 -1
497 675
-1 -1
-1 -1
497 675
-1 -1
497 675
-1 -1
492 675
-1 -1
-1 -1
490 669
-1 -1
490 671
-1 -1
489 668
-1 -1
483 677
-1 -1
485 676
-1 -1
-1 -1
486 676
-1 -1
-1 -1
487 670
-1 -1
-1 -1
487 668
-1 -1
-1 -1
488 667
-1 -1
488 661
-1 -1
488 659
-1 -1
483 662
-1 -1
491 660
-1 -1
-1 -1
494 662
-1 -1
-1 -1
492 663
-1 -1
-1 -1
491 664
-1 -1
-1 -1
-1 -1
-1 -1
490 670
-1 -1
-1 -1
493 668
-1 -1
-1 -1
-1 -1
495 667
-1 -1
-1 -1
496 662
-1 -1
496 660
-1 -1
-1 -1
-1 -1
496 662
-1 -1
-1 -1
-1 -1
492 670
-1 -1
-1 -1
491 668
-1 -1
-1 -1
493 662
-1 -1
-1 -1
-1 -1
495 660
-1 -1
-1 -1
-1 -1
495 662
-1 -1
-1 -1
-1 -1
496 664
-1 -1
-1 -1
-1 -1
-1 -1
496 664
-1 -1
-1 -1
-1 -1
-1 -1
501 665
-1 -1
-1 -1
504 665
-1 -1
-1 -1
-1 -1
-1 -1
500 665
-1 -1
-1 -1
-1 -1
-1 -1
499 665
-1 -1
497 666
-1 -1
-1 -1
-1 -1
497 666
-1 -1
-1 -1
492 666
-1 -1
-1 -1
490 666
-1 -1
-1 -1
-1 -1
490 666
-1 -1
489 666
-1 -1
500 666
-1 -1
499 677
-1 -1
503 676
-1 -1
-1 -1
500 675
-1 -1
-1 -1
494 675
-1 -1
-1 -1
491 670
-1 -1
493 668
-1 -1
-1 -1
-1 -1
495 667
-1 -1
-1 -1
-1 -1
495 666
-1 -1
492 671
-1 -1
-1 -1
-1 -1
500 668
-1 -1
509 667
-1 -1
496 671
-1 -1
-1 -1
-1 -1
492 673
-1 -1
-1 -1
-1 -1
-1 -1
500 669
-1 -1
-1 -1
-1 -1
509 668
-1 -1
-1 -1
503 667
-1 -1
-1 -1
-1 -1
-1 -1
494 666
-1 -1
-1 -1
495 661
-1 -1
-1 -1
495 659
-1 -1
492 659
-1 -1
-1 -1
493 658
-1 -1
495 658
-1 -1
-1 -1
-1 -1
501 658
-1 -1
-1 -1
-1 -1
503 658
-1 -1
-1 -1
-1 -1
497 666
-1 -1
-1 -1
-1 -1
-1 -1
-1 -1
502 661
-1 -1
-1 -1
-1 -1
-1 -1
-1 -1
504 663
-1 -1
-1 -1
-1 -1
-1 -1
504 664
-1 -1
497 666
-1 -1
497 666
-1 -1
-1 -1
497 671
-1 -1
497 669
-1 -1
497 667
-1 -1
492 671
-1 -1
490 673
-1 -1
490 669
-1 -1
489 672
-1 -1
-1 -1
489 678
-1 -1
-1 -1
489 681
-1 -1
-1 -1
-1 -1
-1 -1
489 678
-1 -1
489 677
-1 -1
-1 -1
489 664
-1 -1
489 653
-1 -1
489 650
-1 -1
-1 -1
489 653
-1 -1
-1 -1
489 659
-1 -1
-1 -1
-1 -1
493 659
-1 -1
-1 -1
491 669
-1 -1
-1 -1
-1 -1
490 672
-1 -1
490 670
-1 -1
-1 -1
-1 -1
-1 -1
-1 -1
489 666
-1 -1
-1 -1
-1 -1
493 661
-1 -1
-1 -1
-1 -1
495 663
-1 -1
489 666
-1 -1
-1 -1
489 666
-1 -1
-1 -1
489 666
-1 -1
-1 -1
493 666
-1 -1
-1 -1
495 666
-1 -1
495 666
-1 -1
-1 -1
-1 -1
-1 -1
-1 -1
-1 -1
496 666
-1 -1
-1 -1
-1 -1
496 671
-1 -1
-1 -1
-1 -1
496 669
-1 -1
-1 -1
-1 -1
-1 -1
496 667
-1 -1
-1 -1
-1 -1
-1 -1
496 667
-1 -1
489 666
-1 -1
-1 -1
500 661
-1 -1
-1 -1
-1 -1
-1 -1
-1 -1
498 659
-1 -1
-1 -1
-1 -1
-1 -1
494 659
-1 -1
491 658
-1 -1
490 662
-1 -1
-1 -1
490 663
-1 -1
489 670
-1 -1
-1 -1
489 673
-1 -1
489 670
-1 -1
489 668
-1 -1
489 667
-1 -1
-1 -1
489 667
-1 -1
-1 -1
484 666
-1 -1
485 666
-1 -1
-1 -1
-1 -1
487 666
-1 -1
487 666
