-1 -1
-1 -1
1375 489
-1 -1
-1 -1
-1 -1
1333 455
-1 -1
-1 -1
1333 455
-1 -1
-1 -1
1321 436
-1 -1
-1 -1
-1 -1
-1 -1
1318 432
-1 -1
-1 -1
1320 424
-1 -1
-1 -1
1321 422
-1 -1
-1 -1
1304 385
-1 -1
-1 -1
1263 342
-1 -1
-1 -1
1211 283
1206 278
-1 -1
1168 239
1164 236
-1 -1
-1 -1
1122 210
1125 212
-1 -1
-1 -1
1067 179
-1 -1
1020 160
1023 161
-1 -1
981 160
-1 -1
-1 -1
955 160
-1 -1
921 160
-1 -1
912 165
-1 -1
917 166
-1 -1
936 170
-1 -1
-1 -1
965 178
-1 -1
-1 -1
-1 -1
1020 194
1011 188
-1 -1
-1 -1
1064 204
-1 -1
-1 -1
1117 230
-1 -1
-1 -1
1167 256
-1 -1
1143 267
-1 -1
1257 330
-1 -1
1312 391
-1 -1
-1 -1
1307 447
-1 -1
-1 -1
-1 -1
-1 -1
-1 -1
-1 -1
1333 523
-1 -1
-1 -1
-1 -1
-1 -1
-1 -1
-1 -1
-1 -1
-1 -1
-1 -1
-1 -1
-1 -1
-1 -1
-1 -1
-1 -1
-1 -1
-1 -1
-1 -1
-1 -1
1366 556
-1 -1
-1 -1
1400 497
-1 -1
-1 -1
-1 -1
-1 -1
-1 -1
-1 -1
-1 -1
-1 -1
1341 464
-1 -1
-1 -1
1306 437
-1 -1
-1 -1
-1 -1
-1 -1
1307 388
1306 394
-1 -1
-1 -1
-1 -1
1223 318
-1 -1
-1 -1
1229 304
-1 -1
-1 -1
1209 280
-1 -1
-1 -1
1168 231
-1 -1
-1 -1
1110 204
-1 -1
-1 -1
1066 179
-1 -1
-1 -1
1015 169
-1 -1
973 168
-1 -1
938 174
-1 -1
913 176
-1 -1
895 180
894 185
-1 -1
901 186
-1 -1
914 189
-1 -1
957 196
970 202
-1 -1
-1 -1
1004 219
996 212
-1 -1
-1 -1
1032 230
-1 -1
1099 264
-1 -1
1119 298
-1 -1
-1 -1
1200 365
-1 -1
-1 -1
1244 416
-1 -1
-1 -1
-1 -1
-1 -1
-1 -1
-1 -1
-1 -1
-1 -1
-1 -1
1265 455
-1 -1
-1 -1
1276 530
-1 -1
-1 -1
-1 -1
1215 499
-1 -1
-1 -1
1345 606
-1 -1
-1 -1
-1 -1
-1 -1
-1 -1
-1 -1
-1 -1
-1 -1
-1 -1
-1 -1
-1 -1
-1 -1
-1 -1
-1 -1
-1 -1
1366 582
-1 -1
-1 -1
1333 556
-1 -1
-1 -1
-1 -1
1337 530
-1 -1
-1 -1
-1 -1
1333 489
-1 -1
-1 -1
-1 -1
-1 -1
-1 -1
-1 -1
-1 -1
-1 -1
1307 430
-1 -1
-1 -1
-1 -1
-1 -1
1215 338
-1 -1
-1 -1
1234 343
1240 345
-1 -1
1202 300
-1 -1
1155 253
1159 257
-1 -1
1125 222
-1 -1
1075 196
615 253
1032 179
615 253
997 177
610 253
963 177
612 247
946 177
-1 -1
613 240
929 182
610 231
920 183
595 228
938 187
-1 -1
592 222
945 186
590 220
984 202
590 219
1038 207
-1 -1
585 219
1107 237
583 213
1151 256
-1 -1
582 215
1194 297
-1 -1
582 216
1174 295
-1 -1
582 217
1299 372
576 217
-1 -1
1299 455
-1 -1
-1 -1
574 213
-1 -1
-1 -1
573 211
-1 -1
-1 -1
573 210
-1 -1
-1 -1
577 210
-1 -1
579 210
-1 -1
-1 -1
576 210
-1 -1
-1 -1
-1 -1
578 210
-1 -1
-1 -1
-1 -1
-1 -1
580 210
-1 -1
1366 565
-1 -1
-1 -1
576 210
-1 -1
1366 506
-1 -1
-1 -1
-1 -1
574 210
1375 480
-1 -1
-1 -1
574 210
1356 469
-1 -1
573 210
1239 470
-1 -1
-1 -1
573 214
-1 -1
1231 345
-1 -1
-1 -1
573 216
1198 303
1198 303
568 217
1209 298
1139 270
566 218
1189 268
566 223
1113 216
-1 -1
565 225
1067 181
565 226
1016 162
565 226
973 160
559 232
936 160
938 160
557 230
913 165
917 164
561 233
906 172
903 170
558 230
902 173
557 233
921 174
556 234
965 175
978 177
556 235
1021 202
551 235
1058 207
549 235
1069 230
548 235
1108 256
-1 -1
548 240
1167 290
548 238
1202 309
548 237
1326 398
548 237
-1 -1
1316 447
-1 -1
548 236
-1 -1
-1 -1
-1 -1
548 236
-1 -1
-1 -1
548 236
-1 -1
-1 -1
543 236
1375 573
-1 -1
-1 -1
541 240
1401 538
541 242
1413 532
-1 -1
-1 -1
540 242
-1 -1
-1 -1
540 243
-1 -1
-1 -1
540 243
1299 480
-1 -1
-1 -1
540 239
1299 454
-1 -1
-1 -1
-1 -1
540 241
1248 386
534 242
1206 345
-1 -1
-1 -1
532 243
1223 312
532 243
1211 285
1206 278
-1 -1
526 243
1121 250
1113 244
-1 -1
524 243
1098 214
1096 210
523 248
1041 181
523 247
998 177
523 240
948 169
517 241
913 175
515 242
902 185
903 180
509 243
879 192
507 248
904 197
509 256
909 199
507 259
903 205
506 250
1001 245
-1 -1
510 251
1033 273
511 256
1029 277
508 258
1058 314
507 256
1107 334
1189 379
501 258
1250 447
-1 -1
502 256
1256 477
-1 -1
503 258
1264 495
-1 -1
509 259
-1 -1
1265 565
-1 -1
-1 -1
518 260
-1 -1
-1 -1
520 265
-1 -1
-1 -1
-1 -1
522 258
-1 -1
-1 -1
522 255
-1 -1
-1 -1
527 264
-1 -1
-1 -1
-1 -1
529 273
1350 531
-1 -1
-1 -1
-1 -1
526 276
-1 -1
-1 -1
-1 -1
525 277
-1 -1
-1 -1
-1 -1
524 277
1248 447
-1 -1
524 277
1206 379
523 274
1169 341
523 275
1187 337
527 273
1155 295
1160 299
529 271
-1 -1
1156 295
529 271
1070 225
526 270
1023 188
-1 -1
528 270
981 185
-1 -1
529 270
986 185
-1 -1
-1 -1
924 185
-1 -1
903 185
-1 -1
514 278
902 190
519 273
902 186
-1 -1
913 185
514 270
940 201
-1 -1
-1 -1
970 220
-1 -1
1022 247
-1 -1
1043 266
-1 -1
1067 282
-1 -1
1124 315
-1 -1
-1 -1
1160 341
-1 -1
1283 415
1290 421
-1 -1
-1 -1
-1 -1
-1 -1
-1 -1
-1 -1
-1 -1
-1 -1
-1 -1
-1 -1
-1 -1
-1 -1
-1 -1
-1 -1
-1 -1
-1 -1
-1 -1
-1 -1
-1 -1
-1 -1
531 236
-1 -1
-1 -1
-1 -1
526 254
1366 540
-1 -1
528 253
1361 513
-1 -1
1359 513
531 253
1346 486
-1 -1
-1 -1
531 241
1313 452
-1 -1
-1 -1
531 231
1263 393
-1 -1
531 228
1257 388
-1 -1
-1 -1
531 227
1194 317
-1 -1
531 227
1143 273
-1 -1
531 231
1107 238
-1 -1
526 233
1073 212
524 234
1008 187
524 230
956 178
523 223
913 169
527 220
895 168
525 223
862 168
524 220
837 178
523 220
827 191
523 223
833 196
523 230
834 212
518 224
915 202
928 194
515 225
906 213
-1 -1
515 231
930 222
-1 -1
1038 247
-1 -1
1100 273
-1 -1
1151 283
523 227
1202 338
-1 -1
517 227
1253 367
-1 -1
-1 -1
-1 -1
515 222
-1 -1
-1 -1
-1 -1
519 224
-1 -1
-1 -1
-1 -1
-1 -1
516 225
-1 -1
-1 -1
-1 -1
-1 -1
519 231
1341 523
-1 -1
-1 -1
-1 -1
-1 -1
-1 -1
-1 -1
-1 -1
-1 -1
-1 -1
-1 -1
-1 -1
-1 -1
-1 -1
-1 -1
-1 -1
-1 -1
-1 -1
-1 -1
1400 531
-1 -1
-1 -1
-1 -1
-1 -1
-1 -1
-1 -1
-1 -1
1341 472
-1 -1
-1 -1
-1 -1
-1 -1
-1 -1
-1 -1
-1 -1
-1 -1
-1 -1
1324 447
-1 -1
1324 447
-1 -1
-1 -1
-1 -1
1249 412
-1 -1
1290 413
-1 -1
1177 327
-1 -1
-1 -1
1208 313
-1 -1
1184 281
1181 278
-1 -1
506 227
1143 247
-1 -1
510 222
1085 205
1080 202
-1 -1
518 224
1040 186
-1 -1
497 253
998 178
489 261
491 258
948 162
494 267
913 166
506 237
879 178
501 239
861 189
-1 -1
499 241
860 195
498 241
867 194
497 248
892 197
-1 -1
935 199
506 261
972 205
506 261
970 214
510 256
1055 237
508 248
1117 279
-1 -1
1181 312
1177 308
-1 -1
-1 -1
1220 333
-1 -1
1286 367
-1 -1
-1 -1
-1 -1
-1 -1
-1 -1
-1 -1
-1 -1
1316 455
-1 -1
-1 -1
-1 -1
1357 481
-1 -1
-1 -1
-1 -1
-1 -1
-1 -1
-1 -1
-1 -1
-1 -1
-1 -1
-1 -1
-1 -1
-1 -1
-1 -1
-1 -1
-1 -1
-1 -1
-1 -1
514 244
-1 -1
-1 -1
-1 -1
519 244
1400 514
-1 -1
-1 -1
-1 -1
1373 514
-1 -1
-1 -1
-1 -1
-1 -1
1333 506
1339 509
-1 -1
-1 -1
1340 463
-1 -1
-1 -1
-1 -1
-1 -1
-1 -1
1290 430
-1 -1
523 244
1206 337
-1 -1
-1 -1
523 244
1211 325
-1 -1
523 249
-1 -1
-1 -1
523 256
1139 236
-1 -1
523 255
1079 216
-1 -1
-1 -1
1001 183
-1 -1
980 170
-1 -1
932 168
-1 -1
897 173
-1 -1
878 177
-1 -1
877 180
-1 -1
-1 -1
895 181
-1 -1
912 188
-1 -1
943 197
523 270
956 228
-1 -1
1045 234
-1 -1
-1 -1
1071 253
-1 -1
-1 -1
1181 303
1181 303
-1 -1
-1 -1
1222 337
-1 -1
1229 357
-1 -1
-1 -1
1324 430
-1 -1
-1 -1
-1 -1
523 278
1265 565
-1 -1
-1 -1
-1 -1
-1 -1
-1 -1
-1 -1
-1 -1
-1 -1
-1 -1
-1 -1
-1 -1
-1 -1
-1 -1
-1 -1
-1 -1
-1 -1
-1 -1
-1 -1
-1 -1
523 261
-1 -1
-1 -1
-1 -1
523 249
1400 531
-1 -1
-1 -1
-1 -1
1373 519
-1 -1
531 227
1361 502
-1 -1
526 253
1281 461
-1 -1
-1 -1
524 266
1302 449
-1 -1
-1 -1
-1 -1
-1 -1
-1 -1
1213 377
-1 -1
-1 -1
1167 332
-1 -1
-1 -1
1148 298
531 278
1147 272
-1 -1
1116 246
-1 -1
1058 205
-1 -1
982 186
-1 -1
938 170
-1 -1
904 168
-1 -1
871 175
-1 -1
837 184
-1 -1
-1 -1
827 189
-1 -1
-1 -1
-1 -1
833 194
-1 -1
-1 -1
-1 -1
848 194
-1 -1
-1 -1
-1 -1
897 194
-1 -1
869 204
-1 -1
-1 -1
925 221
-1 -1
1021 219
1029 219
-1 -1
1088 236
-1 -1
-1 -1
1155 261
-1 -1
-1 -1
-1 -1
1215 295
1206 287
-1 -1
-1 -1
-1 -1
1265 345
-1 -1
-1 -1
-1 -1
-1 -1
1290 405
-1 -1
-1 -1
-1 -1
-1 -1
-1 -1
-1 -1
-1 -1
-1 -1
-1 -1
-1 -1
-1 -1
-1 -1
-1 -1
-1 -1
-1 -1
-1 -1
-1 -1
-1 -1
-1 -1
-1 -1
-1 -1
-1 -1
-1 -1
-1 -1
-1 -1
-1 -1
-1 -1
-1 -1
-1 -1
-1 -1
-1 -1
-1 -1
1392 514
-1 -1
-1 -1
1341 487
-1 -1
-1 -1
-1 -1
-1 -1
1287 453
-1 -1
-1 -1
-1 -1
-1 -1
1309 433
-1 -1
-1 -1
1254 376
-1 -1
1241 340
-1 -1
-1 -1
1193 298
-1 -1
-1 -1
1110 248
-1 -1
-1 -1
-1 -1
1097 221
-1 -1
1049 196
-1 -1
-1 -1
991 178
-1 -1
923 177
-1 -1
895 177
-1 -1
862 177
-1 -1
852 185
-1 -1
-1 -1
852 189
-1 -1
870 191
-1 -1
-1 -1
896 196
-1 -1
895 212
-1 -1
944 230
-1 -1
1029 234
-1 -1
1100 241
-1 -1
1143 272
-1 -1
-1 -1
1210 306
-1 -1
-1 -1
-1 -1
1261 356
-1 -1
1320 392
-1 -1
-1 -1
-1 -1
-1 -1
-1 -1
-1 -1
-1 -1
-1 -1
-1 -1
-1 -1
-1 -1
-1 -1
-1 -1
-1 -1
-1 -1
-1 -1
-1 -1
-1 -1
-1 -1
-1 -1
-1 -1
-1 -1
-1 -1
-1 -1
-1 -1
-1 -1
-1 -1
-1 -1
-1 -1
-1 -1
-1 -1
-1 -1
-1 -1
1366 531
-1 -1
-1 -1
-1 -1
1366 488
-1 -1
-1 -1
-1 -1
1291 459
-1 -1
-1 -1
-1 -1
-1 -1
1303 441
-1 -1
-1 -1
-1 -1
-1 -1
1306 438
-1 -1
-1 -1
-1 -1
-1 -1
1147 312
1147 312
-1 -1
-1 -1
1120 285
1113 278
-1 -1
1069 250
523 253
1033 214
-1 -1
1021 188
-1 -1
-1 -1
958 199
-1 -1
514 253
922 195
509 253
927 187
-1 -1
874 185
-1 -1
845 190
-1 -1
828 209
-1 -1
-1 -1
819 215
-1 -1
-1 -1
840 223
-1 -1
847 225
-1 -1
928 236
-1 -1
-1 -1
1046 244
-1 -1
523 253
-1 -1
995 236
517 253
1147 278
-1 -1
515 257
1214 296
1223 303
-1 -1
519 259
1221 300
1223 303
-1 -1
-1 -1
1316 387
-1 -1
514 270
1323 394
-1 -1
-1 -1
1339 473
-1 -1
514 261
-1 -1
-1 -1
-1 -1
519 249
-1 -1
-1 -1
521 246
-1 -1
-1 -1
521 239
-1 -1
-1 -1
-1 -1
522 241
-1 -1
-1 -1
-1 -1
-1 -1
522 238
-1 -1
-1 -1
-1 -1
518 240
-1 -1
-1 -1
-1 -1
520 237
-1 -1
-1 -1
-1 -1
-1 -1
521 237
-1 -1
-1 -1
-1 -1
-1 -1
521 236
1316 438
-1 -1
-1 -1
522 236
-1 -1
1274 388
-1 -1
-1 -1
522 236
1215 329
-1 -1
522 230
1215 329
-1 -1
-1 -1
1105 261
-1 -1
-1 -1
1105 254
1105 253
-1 -1
-1 -1
1058 199
-1 -1
999 179
-1 -1
956 177
-1 -1
953 177
523 270
882 177
-1 -1
-1 -1
870 181
-1 -1
845 185
-1 -1
843 194
-1 -1
856 204
-1 -1
858 207
-1 -1
933 208
-1 -1
-1 -1
943 209
-1 -1
-1 -1
1038 245
-1 -1
1045 251
-1 -1
1164 295
1157 289
-1 -1
-1 -1
1164 295
1163 293
-1 -1
-1 -1
1259 364
-1 -1
-1 -1
1264 370
-1 -1
-1 -1
-1 -1
-1 -1
-1 -1
-1 -1
-1 -1
-1 -1
-1 -1
-1 -1
-1 -1
-1 -1
-1 -1
-1 -1
-1 -1
-1 -1
-1 -1
-1 -1
-1 -1
-1 -1
-1 -1
-1 -1
-1 -1
-1 -1
-1 -1
-1 -1
-1 -1
-1 -1
523 244
1358 489
-1 -1
-1 -1
1323 477
-1 -1
-1 -1
-1 -1
1271 453
-1 -1
-1 -1
-1 -1
-1 -1
1265 448
-1 -1
-1 -1
-1 -1
523 236
1198 362
523 240
1209 320
-1 -1
523 242
1189 283
-1 -1
523 242
1183 278
-1 -1
523 243
1096 224
523 239
1033 197
-1 -1
523 254
981 179
517 272
931 169
-1 -1
880 181
-1 -1
861 183
514 261
852 184
-1 -1
509 256
852 184
-1 -1
-1 -1
844 210
-1 -1
855 210
-1 -1
871 215
-1 -1
885 217
-1 -1
1046 219
1036 218
-1 -1
-1 -1
1088 253
-1 -1
1113 261
-1 -1
-1 -1
-1 -1
1113 266
-1 -1
-1 -1
-1 -1
-1 -1
1257 354
1257 354
-1 -1
523 253
-1 -1
1307 379
1298 372
523 253
-1 -1
-1 -1
-1 -1
1341 455
-1 -1
-1 -1
1391 505
-1 -1
-1 -1
523 261
-1 -1
517 256
-1 -1
-1 -1
-1 -1
-1 -1
-1 -1
-1 -1
-1 -1
-1 -1
-1 -1
523 270
-1 -1
-1 -1
-1 -1
1400 506
-1 -1
-1 -1
1400 506
-1 -1
-1 -1
1308 532
-1 -1
-1 -1
-1 -1
-1 -1
1282 472
-1 -1
-1 -1
-1 -1
1282 429
-1 -1
-1 -1
1181 327
-1 -1
1142 297
-1 -1
523 244
1096 270
1099 272
-1 -1
523 244
1033 222
-1 -1
1059 211
-1 -1
992 195
523 253
915 186
523 253
918 170
-1 -1
880 175
877 177
-1 -1
846 182
850 181
514 261
836 183
519 261
820 209
521 266
832 215
527 268
897 209
525 268
946 206
524 265
945 229
524 263
1046 244
-1 -1
-1 -1
523 262
1096 270
523 261
1146 295
-1 -1
523 261
1135 315
-1 -1
523 261
1248 372
523 256
1286 441
523 254
1305 469
-1 -1
523 257
-1 -1
523 258
-1 -1
-1 -1
-1 -1
-1 -1
-1 -1
-1 -1
514 253
-1 -1
-1 -1
519 253
-1 -1
-1 -1
-1 -1
-1 -1
-1 -1
-1 -1
-1 -1
-1 -1
-1 -1
-1 -1
-1 -1
1350 514
-1 -1
-1 -1
1314 487
-1 -1
-1 -1
-1 -1
523 261
1315 453
-1 -1
-1 -1
-1 -1
1287 433
-1 -1
-1 -1
-1 -1
-1 -1
1245 376
1240 371
-1 -1
523 261
1194 324
1189 320
-1 -1
523 256
1174 297
-1 -1
523 258
1046 244
-1 -1
-1 -1
523 255
1071 219
1071 219
517 264
1036 200
515 263
1036 201
1037 202
515 267
953 182
-1 -1
914 171
-1 -1
864 174
-1 -1
860 176
-1 -1
829 193
-1 -1
840 198
-1 -1
-1 -1
849 200
-1 -1
-1 -1
844 213
-1 -1
856 211
-1 -1
918 216
-1 -1
-1 -1
-1 -1
1012 223
-1 -1
1083 247
-1 -1
1135 258
-1 -1
-1 -1
1146 260
-1 -1
-1 -1
1162 305
-1 -1
-1 -1
-1 -1
1292 349
-1 -1
-1 -1
-1 -1
-1 -1
-1 -1
-1 -1
-1 -1
-1 -1
-1 -1
-1 -1
1392 497
-1 -1
-1 -1
-1 -1
-1 -1
-1 -1
-1 -1
-1 -1
-1 -1
-1 -1
-1 -1
-1 -1
-1 -1
-1 -1
-1 -1
-1 -1
-1 -1
-1 -1
-1 -1
-1 -1
-1 -1
1383 506
-1 -1
-1 -1
-1 -1
-1 -1
-1 -1
-1 -1
-1 -1
514 244
1392 489
-1 -1
-1 -1
-1 -1
514 244
1365 470
519 244
1322 428
-1 -1
521 244
1286 376
1282 371
517 244
1220 324
-1 -1
516 244
1184 281
515 244
1173 278
510 249
1077 223
-1 -1
511 247
1023 196
508 245
980 178
-1 -1
931 169
-1 -1
887 168
-1 -1
854 174
-1 -1
-1 -1
828 182
-1 -1
-1 -1
818 187
-1 -1
-1 -1
818 194
-1 -1
-1 -1
831 197
-1 -1
853 199
-1 -1
862 200
-1 -1
886 213
-1 -1
-1 -1
1004 210
-1 -1
1054 244
-1 -1
-1 -1
1096 249
-1 -1
-1 -1
1148 287
-1 -1
-1 -1
-1 -1
1223 312
1217 307
-1 -1
-1 -1
1277 356
-1 -1
-1 -1
-1 -1
1281 361
-1 -1
-1 -1
-1 -1
-1 -1
1299 447
514 253
-1 -1
-1 -1
-1 -1
502 253
-1 -1
-1 -1
-1 -1
497 253
507 253
-1 -1
510 247
-1 -1
-1 -1
511 249
-1 -1
-1 -1
-1 -1
512 246
-1 -1
-1 -1
-1 -1
509 245
-1 -1
-1 -1
-1 -1
507 244
-1 -1
-1 -1
-1 -1
-1 -1
510 244
1383 472
-1 -1
-1 -1
-1 -1
512 244
1371 453
-1 -1
512 244
-1 -1
1324 413
1331 419
-1 -1
513 244
-1 -1
1324 413
1325 414
-1 -1
513 244
1238 319
1231 312
-1 -1
513 244
1231 312
1231 312
513 244
1144 241
-1 -1
513 248
1091 212
1088 210
-1 -1
513 250
1048 187
513 257
998 169
513 259
955 161
513 260
913 160
509 257
871 171
-1 -1
507 249
853 178
-1 -1
-1 -1
844 185
-1 -1
523 253
850 195
503 257
863 198
-1 -1
-1 -1
499 259
867 200
-1 -1
-1 -1
502 259
925 201
507 260
988 201
995 202
-1 -1
510 260
1049 213
517 260
1038 223
-1 -1
1091 254
-1 -1
-1 -1
-1 -1
1095 259
-1 -1
-1 -1
-1 -1
1240 329
-1 -1
523 261
-1 -1
-1 -1
-1 -1
-1 -1
517 256
-1 -1
-1 -1
515 248
-1 -1
-1 -1
-1 -1
515 245
-1 -1
-1 -1
514 244
-1 -1
-1 -1
514 244
-1 -1
509 244
-1 -1
-1 -1
507 244
-1 -1
-1 -1
-1 -1
501 248
1392 624
-1 -1
-1 -1
498 250
1403 515
-1 -1
497 251
1401 491
-1 -1
497 253
497 252
1350 450
-1 -1
-1 -1
-1 -1
497 253
497 252
1360 454
-1 -1
-1 -1
-1 -1
501 247
1338 424
-1 -1
-1 -1
-1 -1
503 246
1288 367
509 245
1235 315
-1 -1
518 244
1144 273
521 244
1115 238
518 248
1033 212
517 246
1020 187
516 245
1028 185
515 249
941 185
-1 -1
904 170
902 168
514 261
879 175
883 173
514 266
877 176
879 175
509 258
-1 -1
872 175
870 176
507 255
869 176
-1 -1
501 257
869 193
502 255
897 198
499 257
936 206
497 261
498 259
936 237
-1 -1
497 259
1004 242
1012 244
-1 -1
507 260
1074 265
-1 -1
507 260
1150 306
1155 312
-1 -1
506 265
1195 340
501 267
1261 367
-1 -1
508 268
-1 -1
-1 -1
1320 408
-1 -1
511 269
-1 -1
-1 -1
-1 -1
512 269
-1 -1
-1 -1
-1 -1
-1 -1
1366 523
-1 -1
-1 -1
1366 523
-1 -1
-1 -1
-1 -1
-1 -1
-1 -1
-1 -1
-1 -1
-1 -1
1392 565
-1 -1
-1 -1
-1 -1
-1 -1
-1 -1
-1 -1
-1 -1
-1 -1
-1 -1
-1 -1
1333 489
-1 -1
-1 -1
-1 -1
1333 454
1333 447
-1 -1
-1 -1
1313 426
-1 -1
-1 -1
-1 -1
523 236
1315 422
-1 -1
-1 -1
-1 -1
517 247
1223 319
-1 -1
510 256
1159 281
1155 278
-1 -1
-1 -1
501 259
1155 273
1155 271
-1 -1
-1 -1
497 261
503 260
1085 214
508 260
1080 218
510 266
976 180
-1 -1
508 268
922 169
507 269
879 168
-1 -1
506 265
853 180
506 267
820 183
506 268
818 192
510 269
818 203
-1 -1
512 269
818 213
-1 -1
518 269
841 208
504 269
866 209
-1 -1
497 270
-1 -1
927 215
-1 -1
934 217
