379 632
-1 -1
-1 -1
-1 -1
658 405
379 632
-1 -1
658 405
379 632
-1 -1
658 405
379 632
-1 -1
-1 -1
-1 -1
652 399
379 637
-1 -1
650 397
379 659
-1 -1
644 397
374 651
-1 -1
642 396
376 662
641 396
-1 -1
367 650
635 396
-1 -1
373 661
633 391
-1 -1
359 640
627 389
-1 -1
-1 -1
370 698
-1 -1
625 389
-1 -1
375 714
624 388
376 716
-1 -1
624 388
405 636
624 388
-1 -1
391 702
624 388
385 713
624 388
-1 -1
618 388
-1 -1
616 388
-1 -1
610 382
-1 -1
379 717
608 380
-1 -1
-1 -1
-1 -1
-1 -1
607 380
-1 -1
-1 -1
607 379
-1 -1
-1 -1
610 379
-1 -1
-1 -1
612 379
-1 -1
619 383
-1 -1
621 385
405 691
628 391
-1 -1
-1 -1
-1 -1
-1 -1
636 394
388 700
-1 -1
649 405
382 726
-1 -1
-1 -1
649 405
384 719
-1 -1
649 405
-1 -1
-1 -1
649 405
-1 -1
654 405
-1 -1
-1 -1
-1 -1
656 405
-1 -1
656 405
-1 -1
-1 -1
-1 -1
657 405
-1 -1
-1 -1
-1 -1
657 405
-1 -1
-1 -1
-1 -1
-1 -1
657 405
-1 -1
-1 -1
657 405
-1 -1
-1 -1
-1 -1
-1 -1
653 399
-1 -1
-1 -1
-1 -1
-1 -1
651 397
405 683
641 396
-1 -1
393 701
641 396
-1 -1
398 691
635 396
-1 -1
392 696
633 396
-1 -1
389 698
633 396
-1 -1
388 699
632 391
-1 -1
391 695
627 389
389 703
629 389
383 712
626 383
384 715
619 375
381 721
610 376
-1 -1
380 719
602 373
379 718
593 365
379 722
591 363
-1 -1
-1 -1
379 723
-1 -1
584 362
-1 -1
379 724
587 362
379 724
588 362
379 720
589 362
-1 -1
-1 -1
594 362
-1 -1
-1 -1
-1 -1
-1 -1
607 371
-1 -1
-1 -1
-1 -1
-1 -1
-1 -1
607 375
-1 -1
-1 -1
611 377
-1 -1
-1 -1
-1 -1
619 383
396 691
-1 -1
622 386
396 691
-1 -1
-1 -1
623 387
-1 -1
-1 -1
-1 -1
623 387
379 717
632 396
-1 -1
1375 421
384 711
632 396
386 709
-1 -1
-1 -1
-1 -1
637 396
386 709
-1 -1
-1 -1
639 396
387 708
-1 -1
-1 -1
635 391
387 708
-1 -1
-1 -1
632 388
-1 -1
-1 -1
-1 -1
-1 -1
632 388
379 717
-1 -1
-1 -1
-1 -1
632 388
379 721
624 388
-1 -1
379 723
628 388
-1 -1
360 650
630 388
361 656
-1 -1
630 388
356 635
627 388
355 639
626 388
379 651
628 388
385 657
630 388
382 657
630 388
377 657
631 388
-1 -1
383 708
627 382
382 715
625 380
381 716
619 380
-1 -1
380 716
616 379
380 716
615 379
379 716
615 383
-1 -1
379 716
615 381
374 716
615 380
-1 -1
373 716
619 384
-1 -1
359 666
627 391
-1 -1
356 659
629 394
354 658
-1 -1
-1 -1
637 395
-1 -1
354 658
645 395
-1 -1
-1 -1
-1 -1
649 396
371 700
-1 -1
649 396
371 711
649 396
-1 -1
-1 -1
649 396
-1 -1
-1 -1
-1 -1
654 396
379 666
-1 -1
-1 -1
-1 -1
656 396
379 666
-1 -1
-1 -1
656 396
-1 -1
374 666
-1 -1
-1 -1
-1 -1
-1 -1
653 396
376 666
-1 -1
-1 -1
655 396
377 666
-1 -1
652 396
374 666
-1 -1
-1 -1
650 396
372 666
-1 -1
-1 -1
641 396
-1 -1
366 666
641 396
-1 -1
358 661
635 391
-1 -1
359 659
633 389
360 659
633 389
-1 -1
361 658
627 388
372 699
625 388
376 706
628 388
-1 -1
-1 -1
626 388
379 717
625 388
-1 -1
-1 -1
-1 -1
624 388
-1 -1
624 388
-1 -1
624 382
-1 -1
624 380
-1 -1
-1 -1
624 384
-1 -1
624 385
-1 -1
624 386
-1 -1
628 387
-1 -1
-1 -1
636 392
-1 -1
639 394
-1 -1
645 400
-1 -1
654 403
-1 -1
-1 -1
388 717
-1 -1
-1 -1
656 404
382 666
-1 -1
658 405
384 700
-1 -1
658 409
-1 -1
658 413
-1 -1
-1 -1
379 717
662 413
-1 -1
1305 580
-1 -1
666 413
-1 -1
-1 -1
666 413
-1 -1
666 413
-1 -1
-1 -1
-1 -1
-1 -1
658 405
-1 -1
-1 -1
-1 -1
-1 -1
658 405
-1 -1
658 396
-1 -1
-1 -1
658 396
-1 -1
-1 -1
652 396
-1 -1
650 396
-1 -1
-1 -1
-1 -1
650 401
-1 -1
-1 -1
379 658
644 399
-1 -1
-1 -1
642 397
-1 -1
635 392
-1 -1
633 390
-1 -1
627 389
-1 -1
-1 -1
618 382
-1 -1
610 375
-1 -1
602 372
-1 -1
593 371
-1 -1
584 371
-1 -1
576 365
-1 -1
-1 -1
573 363
-1 -1
573 362
-1 -1
576 366
-1 -1
583 368
-1 -1
-1 -1
-1 -1
599 371
-1 -1
607 371
-1 -1
-1 -1
942 613
607 379
-1 -1
-1 -1
-1 -1
-1 -1
611 379
-1 -1
613 379
-1 -1
-1 -1
-1 -1
-1 -1
613 379
-1 -1
-1 -1
619 379
-1 -1
-1 -1
622 379
-1 -1
623 379
-1 -1
-1 -1
-1 -1
-1 -1
-1 -1
-1 -1
624 388
-1 -1
624 388
-1 -1
-1 -1
-1 -1
624 388
-1 -1
-1 -1
-1 -1
-1 -1
624 388
-1 -1
624 388
-1 -1
624 388
-1 -1
624 388
-1 -1
-1 -1
624 382
-1 -1
-1 -1
624 380
-1 -1
624 380
-1 -1
618 379
-1 -1
-1 -1
616 379
-1 -1
-1 -1
616 379
-1 -1
-1 -1
615 383
-1 -1
610 381
-1 -1
-1 -1
603 380
-1 -1
600 380
-1 -1
593 375
-1 -1
591 372
-1 -1
-1 -1
590 375
-1 -1
590 373
-1 -1
590 372
-1 -1
594 371
-1 -1
602 375
-1 -1
-1 -1
610 376
-1 -1
620 383
-1 -1
-1 -1
-1 -1
-1 -1
-1 -1
624 388
-1 -1
624 388
-1 -1
-1 -1
624 388
-1 -1
-1 -1
-1 -1
-1 -1
624 388
-1 -1
-1 -1
-1 -1
624 388
-1 -1
-1 -1
-1 -1
-1 -1
628 388
-1 -1
1290 599
630 388
-1 -1
642 398
-1 -1
632 388
-1 -1
-1 -1
-1 -1
632 388
-1 -1
-1 -1
-1 -1
632 388
-1 -1
624 388
-1 -1
-1 -1
-1 -1
-1 -1
624 388
-1 -1
624 379
-1 -1
-1 -1
624 379
-1 -1
-1 -1
624 379
-1 -1
-1 -1
624 379
-1 -1
624 379
-1 -1
618 379
-1 -1
620 379
-1 -1
617 379
-1 -1
616 379
-1 -1
615 379
-1 -1
610 379
-1 -1
603 379
-1 -1
600 379
-1 -1
602 379
-1 -1
-1 -1
603 374
-1 -1
-1 -1
604 376
-1 -1
610 377
-1 -1
612 383
-1 -1
613 381
-1 -1
619 380
-1 -1
-1 -1
622 384
-1 -1
-1 -1
-1 -1
-1 -1
628 386
-1 -1
-1 -1
-1 -1
-1 -1
-1 -1
-1 -1
630 387
-1 -1
-1 -1
-1 -1
-1 -1
631 392
-1 -1
-1 -1
-1 -1
637 394
-1 -1
1248 396
-1 -1
-1 -1
639 395
-1 -1
-1 -1
640 391
-1 -1
-1 -1
640 390
-1 -1
-1 -1
-1 -1
645 393
-1 -1
-1 -1
-1 -1
647 394
-1 -1
-1 -1
-1 -1
648 395
-1 -1
-1 -1
-1 -1
645 395
-1 -1
-1 -1
-1 -1
-1 -1
-1 -1
643 395
-1 -1
-1 -1
-1 -1
-1 -1
-1 -1
636 391
-1 -1
632 388
-1 -1
-1 -1
-1 -1
632 388
-1 -1
-1 -1
627 388
-1 -1
629 388
-1 -1
-1 -1
-1 -1
626 388
-1 -1
-1 -1
625 388
-1 -1
-1 -1
-1 -1
624 388
-1 -1
-1 -1
624 388
-1 -1
-1 -1
624 382
-1 -1
624 384
-1 -1
618 381
-1 -1
620 384
-1 -1
-1 -1
617 381
-1 -1
611 375
-1 -1
608 372
-1 -1
607 371
-1 -1
607 371
-1 -1
610 375
-1 -1
612 376
-1 -1
613 377
-1 -1
-1 -1
619 383
-1 -1
-1 -1
621 385
-1 -1
628 392
-1 -1
-1 -1
-1 -1
-1 -1
636 394
-1 -1
-1 -1
-1 -1
-1 -1
639 395
-1 -1
-1 -1
645 395
-1 -1
-1 -1
-1 -1
647 395
-1 -1
-1 -1
648 395
405 615
-1 -1
648 395
1290 413
399 620
-1 -1
-1 -1
648 395
1271 408
-1 -1
1324 590
-1 -1
654 395
-1 -1
-1 -1
-1 -1
652 395
-1 -1
649 396
-1 -1
-1 -1
-1 -1
-1 -1
-1 -1
-1 -1
649 396
-1 -1
-1 -1
-1 -1
-1 -1
644 396
-1 -1
-1 -1
-1 -1
641 396
-1 -1
635 396
-1 -1
-1 -1
-1 -1
633 391
-1 -1
396 624
633 389
-1 -1
396 624
632 389
-1 -1
401 624
627 388
-1 -1
-1 -1
625 388
405 649
624 388
-1 -1
628 388
-1 -1
626 388
-1 -1
625 388
-1 -1
619 382
-1 -1
-1 -1
616 380
-1 -1
615 374
-1 -1
610 372
-1 -1
608 371
-1 -1
611 371
-1 -1
612 374
-1 -1
-1 -1
-1 -1
613 376
-1 -1
-1 -1
-1 -1
619 377
-1 -1
621 383
-1 -1
-1 -1
-1 -1
-1 -1
-1 -1
635 391
-1 -1
-1 -1
-1 -1
-1 -1
639 394
-1 -1
-1 -1
-1 -1
640 395
-1 -1
-1 -1
-1 -1
640 392
-1 -1
-1 -1
-1 -1
640 394
-1 -1
-1 -1
-1 -1
640 394
-1 -1
1248 405
-1 -1
645 395
-1 -1
1290 580
-1 -1
647 395
-1 -1
-1 -1
648 395
-1 -1
-1 -1
644 395
-1 -1
-1 -1
-1 -1
643 395
-1 -1
-1 -1
-1 -1
-1 -1
-1 -1
642 395
-1 -1
641 396
-1 -1
-1 -1
635 396
-1 -1
-1 -1
633 391
-1 -1
633 389
-1 -1
632 389
-1 -1
627 388
-1 -1
625 388
-1 -1
624 388
-1 -1
628 388
-1 -1
626 388
-1 -1
625 388
-1 -1
-1 -1
624 388
-1 -1
-1 -1
-1 -1
619 382
-1 -1
-1 -1
-1 -1
616 380
-1 -1
-1 -1
-1 -1
615 380
-1 -1
615 374
-1 -1
-1 -1
615 375
-1 -1
619 376
-1 -1
-1 -1
-1 -1
621 377
-1 -1
622 383
-1 -1
-1 -1
-1 -1
-1 -1
623 385
-1 -1
-1 -1
-1 -1
-1 -1
-1 -1
-1 -1
628 391
-1 -1
-1 -1
-1 -1
636 394
-1 -1
649 405
-1 -1
-1 -1
-1 -1
-1 -1
-1 -1
649 396
-1 -1
-1 -1
-1 -1
649 396
-1 -1
-1 -1
649 396
-1 -1
-1 -1
-1 -1
654 396
-1 -1
658 396
-1 -1
-1 -1
-1 -1
-1 -1
658 396
405 624
-1 -1
658 396
399 624
-1 -1
658 396
-1 -1
-1 -1
-1 -1
-1 -1
658 396
-1 -1
-1 -1
-1 -1
-1 -1
652 396
-1 -1
-1 -1
645 396
-1 -1
641 396
-1 -1
641 396
-1 -1
-1 -1
635 396
-1 -1
-1 -1
633 396
-1 -1
-1 -1
-1 -1
633 396
-1 -1
627 391
-1 -1
-1 -1
625 389
-1 -1
628 389
-1 -1
626 388
-1 -1
625 388
-1 -1
624 388
-1 -1
-1 -1
618 382
-1 -1
616 380
-1 -1
-1 -1
615 380
-1 -1
615 379
-1 -1
615 379
-1 -1
615 379
-1 -1
619 383
-1 -1
621 385
-1 -1
-1 -1
622 386
-1 -1
-1 -1
-1 -1
628 392
-1 -1
-1 -1
-1 -1
641 396
-1 -1
-1 -1
-1 -1
-1 -1
645 396
-1 -1
-1 -1
-1 -1
653 396
-1 -1
649 396
-1 -1
-1 -1
-1 -1
-1 -1
654 396
-1 -1
-1 -1
656 401
-1 -1
-1 -1
656 399
-1 -1
-1 -1
-1 -1
-1 -1
-1 -1
657 402
-1 -1
658 405
-1 -1
-1 -1
-1 -1
658 396
-1 -1
658 396
-1 -1
-1 -1
-1 -1
-1 -1
-1 -1
-1 -1
649 396
-1 -1
-1 -1
-1 -1
-1 -1
649 396
-1 -1
-1 -1
-1 -1
-1 -1
649 396
-1 -1
637 396
-1 -1
-1 -1
-1 -1
634 396
-1 -1
-1 -1
633 396
-1 -1
632 396
-1 -1
632 396
-1 -1
-1 -1
632 391
-1 -1
-1 -1
632 389
-1 -1
632 389
-1 -1
627 388
-1 -1
625 382
-1 -1
624 380
-1 -1
-1 -1
624 379
-1 -1
-1 -1
618 379
-1 -1
616 379
-1 -1
-1 -1
615 383
-1 -1
-1 -1
615 381
-1 -1
619 380
-1 -1
-1 -1
621 384
-1 -1
-1 -1
622 386
-1 -1
-1 -1
-1 -1
623 386
-1 -1
-1 -1
-1 -1
642 392
-1 -1
-1 -1
646 394
-1 -1
-1 -1
-1 -1
658 396
-1 -1
1189 413
-1 -1
658 396
-1 -1
-1 -1
658 396
-1 -1
-1 -1
658 401
-1 -1
-1 -1
-1 -1
658 403
-1 -1
-1 -1
-1 -1
1257 396
658 403
-1 -1
-1 -1
-1 -1
662 404
-1 -1
-1 -1
-1 -1
664 404
-1 -1
-1 -1
-1 -1
-1 -1
664 404
-1 -1
-1 -1
-1 -1
-1 -1
665 404
-1 -1
-1 -1
-1 -1
654 400
379 641
-1 -1
-1 -1
645 402
-1 -1
-1 -1
642 398
-1 -1
-1 -1
641 397
-1 -1
-1 -1
641 396
-1 -1
-1 -1
641 396
-1 -1
-1 -1
-1 -1
635 396
-1 -1
633 396
-1 -1
632 391
-1 -1
636 393
-1 -1
628 390
-1 -1
-1 -1
626 389
-1 -1
624 383
-1 -1
612 380
-1 -1
608 379
-1 -1
607 379
-1 -1
602 379
-1 -1
-1 -1
600 379
-1 -1
-1 -1
602 379
-1 -1
603 379
-1 -1
-1 -1
609 379
-1 -1
-1 -1
-1 -1
612 379
-1 -1
-1 -1
619 383
-1 -1
-1 -1
622 385
-1 -1
-1 -1
-1 -1
-1 -1
635 392
-1 -1
-1 -1
-1 -1
645 394
-1 -1
-1 -1
647 395
-1 -1
-1 -1
648 395
-1 -1
-1 -1
654 395
-1 -1
-1 -1
656 395
-1 -1
-1 -1
-1 -1
657 395
362 624
-1 -1
657 395
-1 -1
658 396
-1 -1
379 632
-1 -1
-1 -1
649 396
-1 -1
-1 -1
-1 -1
-1 -1
649 396
-1 -1
-1 -1
-1 -1
-1 -1
649 396
-1 -1
641 396
-1 -1
641 396
-1 -1
-1 -1
635 396
-1 -1
-1 -1
633 396
-1 -1
-1 -1
633 396
-1 -1
636 396
-1 -1
-1 -1
634 396
-1 -1
633 391
-1 -1
632 393
-1 -1
627 390
-1 -1
625 389
-1 -1
-1 -1
625 388
-1 -1
-1 -1
624 388
-1 -1
624 382
-1 -1
624 380
-1 -1
624 379
-1 -1
-1 -1
624 379
-1 -1
624 383
-1 -1
-1 -1
-1 -1
624 385
-1 -1
-1 -1
-1 -1
624 386
-1 -1
-1 -1
-1 -1
-1 -1
635 392
-1 -1
-1 -1
-1 -1
-1 -1
644 394
-1 -1
654 401
-1 -1
379 649
-1 -1
658 405
-1 -1
-1 -1
-1 -1
658 405
379 632
662 405
-1 -1
-1 -1
660 405
379 641
-1 -1
659 405
-1 -1
-1 -1
-1 -1
662 405
379 641
-1 -1
664 405
379 641
-1 -1
665 405
379 641
-1 -1
665 405
379 645
-1 -1
-1 -1
665 405
379 647
-1 -1
-1 -1
-1 -1
661 405
379 647
649 396
-1 -1
379 648
649 396
379 648
644 396
-1 -1
379 648
-1 -1
642 396
-1 -1
379 648
642 396
-1 -1
641 396
-1 -1
641 396
-1 -1
641 396
-1 -1
635 391
-1 -1
633 393
-1 -1
-1 -1
627 390
-1 -1
-1 -1
625 389
-1 -1
618 388
-1 -1
610 383
-1 -1
602 380
-1 -1
600 374
-1 -1
599 376
-1 -1
-1 -1
599 373
-1 -1
-1 -1
599 375
-1 -1
602 376
-1 -1
-1 -1
609 377
-1 -1
-1 -1
619 377
-1 -1
622 383
-1 -1
635 391
-1 -1
-1 -1
633 390
-1 -1
-1 -1
-1 -1
638 389
379 649
-1 -1
639 388
-1 -1
-1 -1
645 392
-1 -1
647 394
-1 -1
-1 -1
371 632
-1 -1
-1 -1
648 395
-1 -1
-1 -1
648 395
-1 -1
649 396
-1 -1
-1 -1
-1 -1
-1 -1
-1 -1
649 396
-1 -1
-1 -1
-1 -1
644 396
-1 -1
-1 -1
-1 -1
-1 -1
642 396
-1 -1
632 396
-1 -1
-1 -1
-1 -1
632 391
-1 -1
-1 -1
-1 -1
632 389
-1 -1
-1 -1
-1 -1
632 389
-1 -1
-1 -1
632 388
-1 -1
-1 -1
632 388
-1 -1
632 388
-1 -1
-1 -1
632 388
-1 -1
632 388
-1 -1
632 388
-1 -1
632 388
-1 -1
627 388
-1 -1
625 382
-1 -1
-1 -1
619 380
-1 -1
-1 -1
620 380
-1 -1
621 379
-1 -1
622 383
-1 -1
-1 -1
-1 -1
622 381
-1 -1
623 384
-1 -1
623 386
-1 -1
-1 -1
623 386
-1 -1
-1 -1
628 392
-1 -1
-1 -1
-1 -1
636 394
-1 -1
-1 -1
644 395
-1 -1
-1 -1
-1 -1
647 395
-1 -1
-1 -1
-1 -1
-1 -1
-1 -1
-1 -1
654 401
-1 -1
-1 -1
-1 -1
-1 -1
656 403
-1 -1
-1 -1
-1 -1
657 404
-1 -1
-1 -1
-1 -1
657 404
-1 -1
-1 -1
662 404
-1 -1
-1 -1
-1 -1
664 404
-1 -1
-1 -1
-1 -1
-1 -1
665 404
379 632
-1 -1
-1 -1
-1 -1
662 404
384 627
658 396
386 625
-1 -1
649 396
-1 -1
649 405
-1 -1
-1 -1
644 399
-1 -1
-1 -1
642 397
-1 -1
642 397
-1 -1
641 396
-1 -1
-1 -1
635 396
-1 -1
633 396
-1 -1
632 396
-1 -1
632 391
-1 -1
632 393
-1 -1
-1 -1
632 394
-1 -1
-1 -1
627 394
-1 -1
-1 -1
625 395
-1 -1
-1 -1
624 384
-1 -1
624 381
-1 -1
624 380
-1 -1
624 379
-1 -1
624 383
-1 -1
-1 -1
624 385
-1 -1
-1 -1
624 386
-1 -1
-1 -1
628 391
-1 -1
-1 -1
-1 -1
-1 -1
636 400
-1 -1
-1 -1
644 403
-1 -1
-1 -1
-1 -1
647 404
-1 -1
379 624
654 404
379 628
656 404
-1 -1
-1 -1
-1 -1
662 404
-1 -1
-1 -1
-1 -1
664 404
-1 -1
-1 -1
665 409
-1 -1
-1 -1
665 411
-1 -1
-1 -1
-1 -1
665 412
-1 -1
-1 -1
-1 -1
665 412
-1 -1
-1 -1
-1 -1
665 412
-1 -1
-1 -1
-1 -1
-1 -1
665 412
-1 -1
-1 -1
-1 -1
-1 -1
665 408
-1 -1
-1 -1
665 407
-1 -1
-1 -1
-1 -1
-1 -1
661 406
-1 -1
-1 -1
-1 -1
-1 -1
659 405
-1 -1
658 405
-1 -1
-1 -1
-1 -1
652 399
-1 -1
-1 -1
650 397
-1 -1
-1 -1
650 397
-1 -1
-1 -1
-1 -1
644 396
-1 -1
642 396
-1 -1
641 396
-1 -1
641 396
-1 -1
641 391
-1 -1
-1 -1
635 389
-1 -1
-1 -1
628 389
-1 -1
-1 -1
625 388
-1 -1
624 388
-1 -1
-1 -1
-1 -1
624 388
-1 -1
-1 -1
-1 -1
624 388
-1 -1
624 388
-1 -1
-1 -1
-1 -1
628 392
-1 -1
629 394
-1 -1
636 394
-1 -1
-1 -1
-1 -1
638 395
-1 -1
-1 -1
-1 -1
-1 -1
652 401
-1 -1
-1 -1
-1 -1
656 403
-1 -1
-1 -1
662 404
-1 -1
-1 -1
1299 582
-1 -1
664 404
-1 -1
-1 -1
665 409
-1 -1
-1 -1
665 411
-1 -1
665 412
-1 -1
-1 -1
665 412
-1 -1
665 412
-1 -1
-1 -1
-1 -1
665 412
-1 -1
-1 -1
-1 -1
665 412
-1 -1
-1 -1
-1 -1
666 405
-1 -1
-1 -1
-1 -1
-1 -1
-1 -1
666 405
-1 -1
-1 -1
-1 -1
-1 -1
-1 -1
666 405
-1 -1
-1 -1
-1 -1
-1 -1
661 405
-1 -1
658 396
-1 -1
652 396
-1 -1
-1 -1
650 396
-1 -1
650 396
-1 -1
649 396
-1 -1
649 396
-1 -1
649 396
-1 -1
644 396
-1 -1
636 396
-1 -1
-1 -1
627 391
-1 -1
-1 -1
625 389
-1 -1
-1 -1
-1 -1
-1 -1
618 383
-1 -1
616 380
-1 -1
-1 -1
610 374
-1 -1
602 372
-1 -1
600 371
-1 -1
-1 -1
599 371
-1 -1
-1 -1
599 371
-1 -1
-1 -1
-1 -1
599 374
-1 -1
-1 -1
602 376
-1 -1
-1 -1
-1 -1
609 377
-1 -1
619 383
-1 -1
-1 -1
-1 -1
-1 -1
-1 -1
632 396
379 624
-1 -1
-1 -1
637 396
379 624
-1 -1
-1 -1
639 396
379 624
641 396
-1 -1
379 624
641 396
-1 -1
379 624
645 396
-1 -1
379 624
647 396
-1 -1
-1 -1
647 396
-1 -1
648 396
-1 -1
-1 -1
379 624
-1 -1
-1 -1
-1 -1
648 396
-1 -1
-1 -1
-1 -1
648 396
-1 -1
-1 -1
-1 -1
644 396
379 615
-1 -1
-1 -1
-1 -1
642 396
379 615
-1 -1
-1 -1
-1 -1
642 396
-1 -1
632 396
-1 -1
379 624
632 391
-1 -1
-1 -1
-1 -1
379 624
-1 -1
632 389
-1 -1
-1 -1
-1 -1
-1 -1
632 389
379 624
632 388
-1 -1
632 388
-1 -1
-1 -1
632 388
-1 -1
632 388
-1 -1
-1 -1
627 388
-1 -1
625 388
-1 -1
625 388
-1 -1
624 388
-1 -1
-1 -1
624 388
-1 -1
-1 -1
618 382
-1 -1
616 375
-1 -1
-1 -1
-1 -1
615 376
-1 -1
615 377
