430 244
-1 -1
-1 -1
1299 607
-1 -1
430 244
1299 582
-1 -1
430 244
1299 582
-1 -1
430 244
1293 570
-1 -1
-1 -1
-1 -1
430 244
1291 567
-1 -1
430 244
1271 546
-1 -1
430 244
1273 534
-1 -1
430 244
1222 495
-1 -1
430 244
1193 452
-1 -1
430 244
1167 416
-1 -1
430 249
1133 374
-1 -1
-1 -1
430 247
-1 -1
1084 347
-1 -1
430 250
1033 322
430 251
-1 -1
1013 313
430 252
989 304
-1 -1
430 248
956 296
430 246
938 301
430 245
936 302
430 244
943 307
430 244
949 309
-1 -1
430 244
967 314
-1 -1
430 244
-1 -1
-1 -1
1003 323
-1 -1
430 244
1016 339
-1 -1
430 244
1041 350
-1 -1
430 244
1082 366
430 244
1125 391
430 244
1168 432
430 244
1186 483
430 244
-1 -1
-1 -1
1240 514
-1 -1
430 249
-1 -1
1316 548
430 251
1299 565
-1 -1
-1 -1
430 251
1341 599
-1 -1
430 252
-1 -1
-1 -1
430 252
-1 -1
430 252
-1 -1
-1 -1
-1 -1
430 252
-1 -1
430 252
1324 641
-1 -1
-1 -1
430 252
1307 615
-1 -1
-1 -1
430 252
1307 604
-1 -1
-1 -1
-1 -1
430 252
1307 579
-1 -1
430 252
1281 568
-1 -1
-1 -1
-1 -1
430 252
-1 -1
1246 520
-1 -1
-1 -1
430 252
1226 476
-1 -1
430 252
1201 441
-1 -1
430 252
1175 399
-1 -1
430 252
1134 373
-1 -1
430 252
1099 340
-1 -1
430 252
1066 314
-1 -1
430 252
1016 297
430 247
981 295
430 245
955 301
430 245
930 302
430 244
928 308
-1 -1
424 248
941 312
426 250
948 321
428 251
967 331
-1 -1
-1 -1
428 252
-1 -1
987 348
-1 -1
429 257
1014 358
429 259
1048 374
429 256
1067 407
-1 -1
429 255
1108 442
-1 -1
429 254
1143 468
-1 -1
-1 -1
424 253
-1 -1
-1 -1
1185 518
-1 -1
-1 -1
422 253
1212 545
-1 -1
422 253
1237 578
-1 -1
-1 -1
421 253
1246 611
-1 -1
425 248
-1 -1
-1 -1
-1 -1
427 250
-1 -1
-1 -1
-1 -1
428 251
1012 615
-1 -1
1476 531
429 251
-1 -1
429 252
1341 641
-1 -1
-1 -1
-1 -1
429 252
1282 649
-1 -1
-1 -1
429 252
1277 614
-1 -1
-1 -1
429 252
1400 649
-1 -1
1223 624
429 252
-1 -1
1240 582
-1 -1
-1 -1
434 252
1244 539
-1 -1
-1 -1
-1 -1
436 257
1213 502
-1 -1
442 259
1178 459
-1 -1
445 259
1151 424
446 260
-1 -1
1125 382
446 260
1084 356
446 260
1041 339
442 260
1022 322
440 260
1006 313
439 256
981 304
438 254
956 310
-1 -1
433 257
953 316
431 255
953 318
430 257
958 322
-1 -1
430 255
975 330
430 258
1011 339
424 259
1040 342
-1 -1
422 259
1044 356
421 256
1075 374
-1 -1
421 258
1124 399
-1 -1
421 259
1167 425
-1 -1
421 259
1202 459
421 256
-1 -1
-1 -1
1221 517
-1 -1
421 254
1285 537
-1 -1
421 254
1305 585
-1 -1
421 253
-1 -1
-1 -1
421 253
-1 -1
421 253
-1 -1
-1 -1
421 253
-1 -1
-1 -1
-1 -1
421 253
-1 -1
-1 -1
-1 -1
-1 -1
421 253
-1 -1
-1 -1
1316 624
-1 -1
421 253
-1 -1
-1 -1
1299 607
-1 -1
-1 -1
421 253
1310 595
-1 -1
-1 -1
421 253
1290 586
-1 -1
421 253
1270 546
-1 -1
-1 -1
421 253
-1 -1
-1 -1
1236 502
-1 -1
421 257
1210 459
-1 -1
421 259
1176 424
-1 -1
421 259
1126 391
416 260
1107 357
-1 -1
414 260
1074 323
414 260
1032 313
413 260
998 297
413 256
-1 -1
964 295
413 254
946 301
-1 -1
413 254
-1 -1
937 302
413 253
949 302
413 257
961 311
413 258
984 315
-1 -1
413 259
1021 330
413 260
1027 348
408 265
1065 358
406 268
1116 382
-1 -1
406 268
1159 408
409 265
1194 434
410 263
1227 491
411 262
1270 511
-1 -1
-1 -1
412 261
-1 -1
-1 -1
1265 560
412 261
1319 549
-1 -1
408 261
-1 -1
-1 -1
410 256
1350 632
-1 -1
-1 -1
411 258
1360 632
411 259
1363 627
-1 -1
-1 -1
412 259
-1 -1
-1 -1
412 260
1324 582
-1 -1
412 260
1312 576
-1 -1
-1 -1
412 260
1280 554
-1 -1
-1 -1
-1 -1
412 260
1261 528
412 260
-1 -1
1235 485
-1 -1
408 260
1202 451
406 256
1159 416
-1 -1
-1 -1
406 258
1132 382
-1 -1
-1 -1
405 255
1091 356
-1 -1
405 257
1057 323
405 259
1023 313
405 256
981 297
405 258
962 301
405 259
-1 -1
938 302
405 259
929 308
399 260
934 312
397 265
946 321
391 267
958 338
389 264
970 364
-1 -1
388 263
988 399
382 262
1038 410
384 266
1067 434
385 268
1108 460
-1 -1
391 268
1127 501
-1 -1
389 269
1160 551
-1 -1
392 269
1225 602
-1 -1
390 269
-1 -1
-1 -1
-1 -1
-1 -1
389 265
1282 632
-1 -1
392 263
-1 -1
-1 -1
-1 -1
394 262
-1 -1
-1 -1
394 261
-1 -1
-1 -1
391 261
1290 641
-1 -1
-1 -1
393 261
1271 635
-1 -1
-1 -1
-1 -1
394 265
1282 607
-1 -1
-1 -1
395 267
1282 607
-1 -1
-1 -1
395 264
1247 564
-1 -1
395 263
1211 535
391 262
1184 501
389 256
1158 467
389 254
-1 -1
1125 425
388 254
-1 -1
1122 421
392 257
1076 359
390 258
1040 339
-1 -1
389 259
1007 321
-1 -1
388 265
1004 320
-1 -1
383 258
957 320
381 259
938 313
-1 -1
384 259
929 312
385 265
928 316
386 267
942 321
387 268
958 336
-1 -1
387 269
995 348
382 258
1023 373
380 255
1049 384
380 254
1083 408
379 256
1109 442
-1 -1
383 258
1159 468
385 259
1178 509
-1 -1
386 259
1211 551
-1 -1
-1 -1
-1 -1
382 260
1237 586
385 260
1301 597
-1 -1
386 260
-1 -1
-1 -1
1290 632
-1 -1
386 260
-1 -1
-1 -1
1290 632
-1 -1
392 260
1324 641
-1 -1
-1 -1
394 260
1319 621
-1 -1
391 256
1311 617
390 254
1308 615
389 254
1264 579
-1 -1
-1 -1
388 253
1243 545
-1 -1
-1 -1
388 247
1218 510
-1 -1
388 245
1207 506
-1 -1
-1 -1
392 244
1160 452
-1 -1
394 244
1133 416
-1 -1
394 255
1107 382
-1 -1
391 258
1082 356
393 259
1049 331
390 260
1015 321
389 260
981 313
389 260
955 312
388 260
930 312
388 260
928 312
388 256
920 316
388 258
919 317
388 259
925 323
388 260
930 325
-1 -1
392 265
944 332
-1 -1
394 267
979 348
394 268
1022 366
395 269
1058 383
391 265
1069 401
390 263
1124 441
-1 -1
392 262
1091 533
-1 -1
1164 472
-1 -1
394 261
1173 516
-1 -1
-1 -1
391 261
-1 -1
-1 -1
1231 540
-1 -1
389 261
1236 565
-1 -1
-1 -1
-1 -1
389 261
1281 600
-1 -1
-1 -1
388 256
1296 612
-1 -1
-1 -1
-1 -1
388 254
-1 -1
-1 -1
388 254
-1 -1
-1 -1
388 253
-1 -1
-1 -1
-1 -1
388 253
1333 615
-1 -1
-1 -1
388 253
1321 604
-1 -1
-1 -1
388 253
1311 605
-1 -1
-1 -1
388 253
-1 -1
-1 -1
1248 573
1316 565
-1 -1
388 253
1240 548
-1 -1
-1 -1
-1 -1
-1 -1
388 253
1221 513
-1 -1
-1 -1
388 253
1187 470
-1 -1
388 253
1159 441
388 253
1133 408
-1 -1
-1 -1
382 253
1092 374
-1 -1
384 253
1066 347
-1 -1
-1 -1
386 257
1048 331
-1 -1
386 259
1015 314
-1 -1
387 259
989 312
387 256
964 312
382 258
947 312
380 259
945 312
-1 -1
384 260
937 315
385 260
936 317
382 260
944 323
380 260
967 325
384 260
997 339
385 260
1015 356
386 260
1057 374
382 260
1084 407
381 260
-1 -1
1125 426
-1 -1
380 260
1152 444
379 256
1194 475
-1 -1
-1 -1
384 258
-1 -1
1243 494
1299 472
385 259
1282 556
-1 -1
-1 -1
382 256
1286 591
-1 -1
381 254
1307 615
-1 -1
-1 -1
384 253
-1 -1
-1 -1
386 253
-1 -1
-1 -1
-1 -1
386 253
-1 -1
-1 -1
-1 -1
-1 -1
387 253
1350 607
-1 -1
-1 -1
387 253
1314 607
-1 -1
-1 -1
387 253
1294 588
-1 -1
-1 -1
387 253
-1 -1
-1 -1
1269 577
-1 -1
387 253
1251 537
-1 -1
-1 -1
-1 -1
387 253
-1 -1
-1 -1
1219 510
387 253
1207 483
-1 -1
-1 -1
382 253
1176 450
-1 -1
381 253
1142 409
-1 -1
380 253
1108 381
-1 -1
383 257
1082 348
-1 -1
381 259
1049 322
384 259
1015 313
382 260
989 304
384 260
956 296
382 260
946 301
380 260
937 302
-1 -1
384 260
949 309
386 260
958 313
386 260
976 329
387 266
1004 355
382 264
1047 374
385 262
1067 400
-1 -1
-1 -1
391 262
1108 417
-1 -1
-1 -1
390 261
1143 443
393 261
1169 484
394 256
-1 -1
-1 -1
1206 531
-1 -1
-1 -1
391 258
1282 573
-1 -1
-1 -1
-1 -1
393 259
1358 540
-1 -1
-1 -1
394 259
-1 -1
-1 -1
-1 -1
395 256
-1 -1
-1 -1
-1 -1
395 254
-1 -1
-1 -1
-1 -1
395 253
1307 615
-1 -1
-1 -1
395 253
1318 626
-1 -1
-1 -1
395 257
1317 614
-1 -1
395 258
1316 596
-1 -1
395 259
1282 577
-1 -1
-1 -1
391 260
1245 537
-1 -1
-1 -1
-1 -1
-1 -1
389 256
1218 501
-1 -1
389 254
1192 467
-1 -1
392 254
1158 441
393 257
1133 408
391 255
1092 374
389 258
1057 340
389 259
1031 322
388 260
990 305
388 260
963 303
388 260
938 303
388 260
921 309
-1 -1
388 260
912 310
-1 -1
-1 -1
388 260
917 314
-1 -1
-1 -1
388 260
924 322
-1 -1
-1 -1
388 260
933 321
382 260
960 325
-1 -1
384 266
997 339
386 268
1016 356
-1 -1
386 268
-1 -1
1049 374
387 265
1091 400
-1 -1
387 263
-1 -1
-1 -1
1150 425
-1 -1
387 262
-1 -1
-1 -1
1181 455
-1 -1
-1 -1
392 266
1215 489
-1 -1
-1 -1
390 263
1265 547
-1 -1
-1 -1
389 262
1310 562
-1 -1
-1 -1
389 262
1350 615
-1 -1
-1 -1
392 261
-1 -1
-1 -1
394 266
1350 632
-1 -1
-1 -1
391 268
1360 632
-1 -1
390 264
-1 -1
-1 -1
-1 -1
392 267
1341 599
-1 -1
394 264
1329 603
-1 -1
394 267
1320 595
-1 -1
-1 -1
-1 -1
395 264
1280 563
-1 -1
-1 -1
-1 -1
395 266
1267 535
-1 -1
395 268
1228 494
395 264
1193 458
-1 -1
391 262
1158 424
-1 -1
389 262
1132 391
-1 -1
-1 -1
389 266
1099 357
388 263
1057 331
-1 -1
392 262
1023 314
393 266
990 304
391 264
963 296
389 262
938 295
389 262
929 300
-1 -1
392 261
928 308
390 261
928 312
-1 -1
393 261
937 322
390 261
975 331
389 266
998 348
389 268
1031 358
388 268
1043 382
392 269
1090 401
-1 -1
394 269
1142 425
-1 -1
-1 -1
394 265
1177 459
395 263
1203 501
-1 -1
-1 -1
395 266
-1 -1
-1 -1
1236 543
-1 -1
395 263
1307 582
-1 -1
-1 -1
395 262
1307 600
-1 -1
395 261
1324 624
-1 -1
-1 -1
395 261
-1 -1
-1 -1
395 261
-1 -1
-1 -1
395 266
1324 624
-1 -1
-1 -1
-1 -1
-1 -1
395 263
1312 612
395 262
1325 609
-1 -1
-1 -1
395 262
1306 579
-1 -1
-1 -1
395 261
1287 560
-1 -1
-1 -1
-1 -1
395 261
1262 527
-1 -1
-1 -1
-1 -1
395 261
1258 523
-1 -1
-1 -1
-1 -1
395 261
1181 455
-1 -1
-1 -1
395 266
1154 428
-1 -1
395 268
1127 394
395 268
1093 358
395 269
1050 332
-1 -1
395 269
1023 314
-1 -1
395 269
990 304
401 269
987 303
399 269
940 296
397 269
921 295
397 269
919 299
-1 -1
396 269
919 301
-1 -1
396 269
944 312
396 269
953 316
396 269
-1 -1
995 338
401 269
-1 -1
1024 357
403 269
1042 383
-1 -1
403 274
1083 401
-1 -1
404 272
1141 411
-1 -1
-1 -1
404 271
1146 412
-1 -1
-1 -1
400 271
1209 498
-1 -1
398 270
1214 505
-1 -1
401 270
1293 567
-1 -1
402 270
1337 596
-1 -1
-1 -1
403 270
-1 -1
-1 -1
404 270
-1 -1
-1 -1
399 270
-1 -1
-1 -1
-1 -1
402 270
-1 -1
-1 -1
1366 607
-1 -1
403 270
-1 -1
-1 -1
-1 -1
399 270
1333 607
-1 -1
-1 -1
397 270
1297 564
-1 -1
-1 -1
-1 -1
397 270
1291 557
-1 -1
-1 -1
-1 -1
396 270
1240 548
-1 -1
-1 -1
396 270
-1 -1
-1 -1
1223 497
-1 -1
396 270
1204 471
-1 -1
396 270
1200 466
-1 -1
396 264
1146 403
-1 -1
396 266
1132 397
-1 -1
-1 -1
391 268
1060 342
389 268
1039 314
392 269
998 304
393 269
995 303
394 269
957 296
-1 -1
395 269
953 295
395 269
931 300
395 269
928 304
395 274
934 307
395 272
935 308
395 275
976 329
-1 -1
395 276
984 334
-1 -1
395 277
1030 372
395 277
1035 377
395 277
-1 -1
1098 415
-1 -1
395 277
-1 -1
1104 420
-1 -1
395 273
1175 458
-1 -1
391 271
1180 463
-1 -1
393 271
1290 548
-1 -1
-1 -1
394 270
1316 574
-1 -1
-1 -1
394 270
-1 -1
-1 -1
395 264
-1 -1
-1 -1
395 262
-1 -1
1054 649
395 262
-1 -1
1054 649
395 261
-1 -1
-1 -1
-1 -1
395 261
1316 607
-1 -1
395 261
1320 595
-1 -1
395 261
1305 586
-1 -1
-1 -1
395 261
1280 554
-1 -1
-1 -1
-1 -1
395 261
1275 549
-1 -1
-1 -1
-1 -1
395 261
1215 480
395 261
1195 461
-1 -1
395 265
1169 420
-1 -1
395 263
1165 414
-1 -1
395 267
1095 360
395 268
1057 323
-1 -1
395 269
1015 313
395 274
981 297
401 272
955 295
403 271
937 295
403 271
921 295
-1 -1
404 270
919 295
-1 -1
404 270
935 310
400 274
948 322
402 276
977 332
399 277
984 335
397 277
-1 -1
1013 364
396 277
1064 376
-1 -1
396 277
-1 -1
1108 400
-1 -1
396 277
-1 -1
1112 404
-1 -1
396 273
-1 -1
-1 -1
1183 449
-1 -1
396 271
-1 -1
-1 -1
1227 500
400 271
1285 536
-1 -1
402 270
1282 562
-1 -1
403 270
1336 595
-1 -1
-1 -1
404 270
-1 -1
404 270
-1 -1
-1 -1
404 270
-1 -1
-1 -1
404 270
-1 -1
-1 -1
-1 -1
404 270
-1 -1
-1 -1
404 270
1341 599
-1 -1
404 270
1341 599
-1 -1
404 270
1306 563
-1 -1
-1 -1
400 270
-1 -1
-1 -1
1293 551
-1 -1
398 270
1240 514
-1 -1
397 270
1213 479
396 270
1186 452
-1 -1
396 270
-1 -1
1144 401
-1 -1
396 270
1124 374
396 270
1068 348
400 270
1032 322
402 270
998 305
403 270
964 288
404 270
931 286
-1 -1
400 270
912 292
-1 -1
402 270
911 298
403 270
911 303
403 274
922 312
399 276
933 323
402 276
968 339
403 277
998 365
399 277
-1 -1
1016 384
-1 -1
401 277
1041 408
398 277
1083 426
-1 -1
401 277
1125 451
-1 -1
398 273
1144 492
397 271
1185 527
396 271
1268 561
-1 -1
396 270
1304 587
396 270
-1 -1
-1 -1
-1 -1
396 270
-1 -1
-1 -1
396 270
-1 -1
-1 -1
401 270
1375 624
-1 -1
-1 -1
402 270
-1 -1
-1 -1
-1 -1
403 270
1350 615
-1 -1
404 270
1323 604
-1 -1
404 270
1295 587
-1 -1
-1 -1
-1 -1
404 270
1269 561
-1 -1
-1 -1
404 270
1228 528
-1 -1
-1 -1
-1 -1
404 270
1208 493
-1 -1
-1 -1
404 270
1184 458
-1 -1
-1 -1
400 274
1134 424
-1 -1
398 276
-1 -1
1107 391
-1 -1
397 273
1090 364
-1 -1
396 272
1057 339
396 274
1054 337
-1 -1
396 276
1000 315
396 277
964 304
396 273
946 310
396 271
945 311
396 271
922 311
396 270
926 311
-1 -1
396 270
933 311
-1 -1
396 274
940 315
396 276
968 323
396 276
969 347
-1 -1
-1 -1
396 273
1004 352
396 275
1040 366
396 276
1075 383
-1 -1
396 273
1079 386
-1 -1
396 271
1157 440
-1 -1
-1 -1
396 271
1202 484
-1 -1
396 270
1269 511
-1 -1
-1 -1
396 270
1273 513
-1 -1
-1 -1
396 270
1307 582
-1 -1
-1 -1
-1 -1
396 270
1299 615
-1 -1
-1 -1
-1 -1
396 270
-1 -1
-1 -1
-1 -1
396 270
-1 -1
-1 -1
-1 -1
396 270
1341 607
-1 -1
396 264
1336 595
-1 -1
-1 -1
396 262
-1 -1
-1 -1
1333 599
-1 -1
396 262
1282 565
-1 -1
-1 -1
-1 -1
396 261
1277 538
396 261
1254 511
-1 -1
396 265
1228 484
-1 -1
396 267
1194 451
-1 -1
396 268
1159 417
396 269
1155 413
396 269
1101 359
-1 -1
396 269
1058 331
396 269
1023 314
391 269
990 304
393 269
956 296
394 269
937 295
-1 -1
394 269
913 295
-1 -1
395 269
903 299
-1 -1
395 269
909 303
-1 -1
395 269
916 306
395 274
922 308
395 276
925 309
395 276
968 322
395 277
998 326
-1 -1
395 273
1032 355
-1 -1
395 272
1075 374
-1 -1
395 271
1109 400
-1 -1
395 270
-1 -1
-1 -1
1159 417
-1 -1
395 270
1194 450
-1 -1
-1 -1
395 270
1197 454
-1 -1
395 270
1276 533
395 270
1274 539
395 270
-1 -1
-1 -1
-1 -1
401 270
1341 615
-1 -1
-1 -1
-1 -1
399 270
-1 -1
397 270
-1 -1
-1 -1
397 270
1366 632
-1 -1
-1 -1
396 270
1361 620
-1 -1
-1 -1
396 270
1358 590
-1 -1
-1 -1
396 270
-1 -1
-1 -1
1350 590
-1 -1
401 270
1307 556
-1 -1
-1 -1
-1 -1
403 270
1295 537
-1 -1
403 270
-1 -1
-1 -1
1263 503
-1 -1
404 270
-1 -1
-1 -1
1258 498
-1 -1
404 270
1196 444
-1 -1
-1 -1
404 270
1189 438
-1 -1
404 270
1127 384
-1 -1
404 270
1098 356
-1 -1
-1 -1
404 270
1066 331
404 274
1039 314
400 276
998 304
402 273
972 303
403 272
954 303
-1 -1
403 271
938 303
-1 -1
399 270
936 307
-1 -1
397 270
936 309
401 270
946 314
-1 -1
-1 -1
402 270
949 313
-1 -1
-1 -1
403 270
985 323
404 274
1014 326
-1 -1
-1 -1
399 276
1041 347
397 276
1075 366
397 273
1117 391
-1 -1
-1 -1
396 272
1121 395
-1 -1
400 271
-1 -1
-1 -1
1199 440
402 270
-1 -1
-1 -1
1253 484
-1 -1
403 270
1312 519
-1 -1
404 270
1274 556
-1 -1
-1 -1
404 270
-1 -1
-1 -1
404 270
-1 -1
-1 -1
404 270
-1 -1
404 270
-1 -1
-1 -1
404 270
1358 641
-1 -1
-1 -1
404 270
1358 641
-1 -1
-1 -1
404 270
1358 621
-1 -1
404 270
1346 595
-1 -1
-1 -1
404 270
1306 584
-1 -1
-1 -1
-1 -1
-1 -1
404 270
1300 529
-1 -1
-1 -1
-1 -1
404 270
1278 500
-1 -1
-1 -1
-1 -1
404 270
1244 482
404 270
1210 450
-1 -1
404 270
1175 409
404 270
1134 381
404 270
1115 356
404 270
1074 323
404 270
1071 320
404 270
1000 298
404 270
956 295
-1 -1
404 274
937 295
-1 -1
404 276
936 295
-1 -1
404 276
-1 -1
-1 -1
921 301
404 277
919 304
-1 -1
404 277
930 320
404 277
948 331
404 277
970 341
-1 -1
404 277
1005 365
-1 -1
404 277
1017 384
-1 -1
-1 -1
404 277
1049 408
-1 -1
404 277
1083 418
-1 -1
-1 -1
399 277
1125 450
401 277
1168 461
-1 -1
403 277
-1 -1
-1 -1
1195 508
-1 -1
399 277
1236 551
-1 -1
-1 -1
397 277
1239 555
-1 -1
-1 -1
396 277
1301 609
-1 -1
396 277
1306 614
-1 -1
400 277
1300 622
-1 -1
398 277
1328 623
-1 -1
401 277
1324 630
403 277
1318 615
-1 -1
-1 -1
403 273
1299 590
-1 -1
-1 -1
-1 -1
404 271
1280 571
-1 -1
-1 -1
404 271
1262 537
-1 -1
-1 -1
399 270
1205 510
-1 -1
-1 -1
-1 -1
398 270
1199 506
-1 -1
-1 -1
-1 -1
397 274
1183 453
-1 -1
401 275
1143 416
-1 -1
-1 -1
-1 -1
402 276
-1 -1
1139 413
-1 -1
-1 -1
-1 -1
399 277
1085 359
397 277
1080 354
397 277
1025 323
-1 -1
401 277
990 313
402 277
956 312
-1 -1
403 277
937 304
404 277
921 309
404 277
919 311
399 277
919 311
-1 -1
398 277
919 311
-1 -1
397 277
926 315
396 277
959 316
-1 -1
-1 -1
396 277
997 330
396 277
1002 334
