607 286
-1 -1
-1 -1
-1 -1
-1 -1
602 286
-1 -1
-1 -1
600 286
-1 -1
-1 -1
600 286
-1 -1
-1 -1
-1 -1
-1 -1
599 286
-1 -1
-1 -1
599 286
1299 388
-1 -1
599 286
1293 388
-1 -1
599 286
1248 328
-1 -1
599 286
1178 283
-1 -1
599 286
1110 256
-1 -1
599 286
1066 214
-1 -1
-1 -1
599 286
-1 -1
1023 196
-1 -1
599 291
973 163
599 289
-1 -1
930 160
599 287
888 166
-1 -1
603 287
870 167
605 286
837 161
602 286
835 160
604 286
827 164
602 291
847 165
-1 -1
604 293
871 171
-1 -1
601 293
-1 -1
-1 -1
919 173
-1 -1
600 294
971 187
-1 -1
600 294
1024 204
-1 -1
599 294
1051 237
599 294
1100 265
599 294
1176 283
599 294
1236 339
599 294
-1 -1
-1 -1
1274 447
-1 -1
594 294
-1 -1
-1 -1
595 294
-1 -1
-1 -1
-1 -1
597 294
-1 -1
-1 -1
597 294
-1 -1
-1 -1
602 294
-1 -1
604 294
-1 -1
-1 -1
-1 -1
605 294
-1 -1
606 294
-1 -1
-1 -1
-1 -1
606 289
-1 -1
-1 -1
-1 -1
606 287
-1 -1
-1 -1
-1 -1
-1 -1
606 287
-1 -1
-1 -1
606 290
1299 388
-1 -1
-1 -1
-1 -1
606 288
-1 -1
1256 352
-1 -1
-1 -1
611 287
-1 -1
-1 -1
609 286
1147 270
-1 -1
608 286
1120 250
-1 -1
608 286
1069 224
-1 -1
611 286
1024 198
-1 -1
609 286
958 187
-1 -1
608 291
921 171
603 292
887 180
604 293
854 186
605 294
844 185
602 294
820 194
-1 -1
600 294
825 204
603 294
832 207
601 299
854 208
-1 -1
-1 -1
600 301
-1 -1
901 229
-1 -1
599 301
947 234
599 298
990 248
599 300
1041 288
-1 -1
599 301
1117 324
-1 -1
599 302
1210 406
-1 -1
-1 -1
593 302
-1 -1
-1 -1
1270 390
-1 -1
-1 -1
595 302
-1 -1
-1 -1
597 302
-1 -1
-1 -1
-1 -1
597 302
1198 480
-1 -1
598 302
-1 -1
-1 -1
-1 -1
598 302
-1 -1
-1 -1
-1 -1
598 302
-1 -1
-1 -1
-1 -1
598 302
-1 -1
598 302
-1 -1
-1 -1
-1 -1
-1 -1
598 298
-1 -1
-1 -1
-1 -1
598 296
-1 -1
-1 -1
-1 -1
598 296
-1 -1
-1 -1
-1 -1
603 295
-1 -1
1290 413
-1 -1
-1 -1
610 289
1255 386
-1 -1
-1 -1
-1 -1
609 282
1188 343
-1 -1
604 273
1158 307
-1 -1
601 264
1109 273
594 256
-1 -1
1058 239
592 247
1007 205
585 245
964 202
583 224
922 180
576 220
896 169
574 219
871 181
560 199
845 189
-1 -1
557 195
836 199
550 194
835 204
543 187
847 203
-1 -1
534 179
853 213
525 177
900 222
523 177
946 216
-1 -1
523 177
990 223
517 177
1065 238
-1 -1
515 177
1093 271
-1 -1
514 171
1150 283
-1 -1
514 169
1276 355
514 168
-1 -1
-1 -1
1305 416
-1 -1
509 163
-1 -1
-1 -1
507 161
-1 -1
-1 -1
506 160
-1 -1
-1 -1
506 160
-1 -1
506 160
-1 -1
-1 -1
506 160
-1 -1
-1 -1
-1 -1
506 160
-1 -1
-1 -1
-1 -1
-1 -1
506 160
-1 -1
-1 -1
-1 -1
-1 -1
506 160
-1 -1
-1 -1
-1 -1
-1 -1
-1 -1
506 160
-1 -1
-1 -1
-1 -1
506 160
-1 -1
-1 -1
500 164
1274 396
-1 -1
-1 -1
498 166
-1 -1
-1 -1
-1 -1
-1 -1
492 166
1172 286
-1 -1
490 172
1137 267
-1 -1
489 175
1094 249
489 181
1025 208
-1 -1
489 183
965 172
489 184
914 161
489 190
887 179
483 192
-1 -1
854 193
481 193
836 209
-1 -1
480 198
-1 -1
827 221
480 200
833 209
475 201
848 184
473 201
873 184
-1 -1
467 206
919 193
465 205
964 197
464 204
1007 227
458 207
1058 263
-1 -1
456 208
1101 322
455 209
1184 295
455 209
1293 355
455 209
1314 392
-1 -1
-1 -1
455 209
-1 -1
-1 -1
-1 -1
455 209
-1 -1
-1 -1
455 209
-1 -1
-1 -1
455 215
-1 -1
-1 -1
-1 -1
455 217
-1 -1
455 217
-1 -1
-1 -1
-1 -1
450 218
-1 -1
-1 -1
448 218
-1 -1
-1 -1
448 218
-1 -1
-1 -1
-1 -1
447 218
-1 -1
-1 -1
-1 -1
-1 -1
447 218
1248 362
447 223
-1 -1
1197 336
-1 -1
447 225
1152 292
447 231
1116 264
-1 -1
-1 -1
441 230
1058 246
-1 -1
-1 -1
426 216
999 214
-1 -1
422 221
939 188
421 230
904 178
421 239
862 177
421 237
860 162
421 241
-1 -1
829 173
421 242
819 232
421 243
824 207
421 243
832 214
421 249
839 217
421 251
908 253
-1 -1
421 252
947 274
421 257
967 323
421 259
1007 328
421 260
-1 -1
-1 -1
416 257
1198 447
-1 -1
418 258
1239 441
-1 -1
419 259
-1 -1
-1 -1
425 265
-1 -1
-1 -1
-1 -1
-1 -1
433 273
-1 -1
-1 -1
436 276
-1 -1
-1 -1
-1 -1
443 282
-1 -1
-1 -1
445 284
-1 -1
-1 -1
443 285
-1 -1
-1 -1
-1 -1
441 285
-1 -1
-1 -1
-1 -1
-1 -1
440 285
-1 -1
-1 -1
-1 -1
439 285
-1 -1
-1 -1
-1 -1
439 285
-1 -1
-1 -1
438 285
-1 -1
443 285
1130 329
445 285
1111 293
441 285
-1 -1
1070 281
440 285
-1 -1
1064 272
434 285
985 216
441 291
932 196
-1 -1
444 298
896 194
-1 -1
445 297
901 186
-1 -1
435 300
831 199
425 298
826 224
-1 -1
422 297
826 231
421 290
826 202
439 297
832 196
420 291
865 225
-1 -1
424 297
903 239
426 300
947 271
423 298
982 283
422 297
1032 292
425 296
1060 339
-1 -1
440 299
1101 359
439 297
1233 369
-1 -1
444 290
1279 465
-1 -1
-1 -1
-1 -1
445 292
-1 -1
442 293
-1 -1
-1 -1
444 298
-1 -1
-1 -1
-1 -1
-1 -1
445 300
-1 -1
-1 -1
-1 -1
-1 -1
451 298
-1 -1
-1 -1
-1 -1
450 296
-1 -1
-1 -1
452 296
-1 -1
450 295
-1 -1
452 290
1299 438
-1 -1
-1 -1
453 288
1280 433
-1 -1
-1 -1
454 287
1206 362
-1 -1
454 286
1199 355
-1 -1
-1 -1
454 281
1119 292
-1 -1
454 279
1066 256
-1 -1
450 273
1031 222
-1 -1
448 265
997 196
458 262
932 201
444 256
888 201
440 258
829 187
442 259
826 179
444 260
795 177
450 265
777 224
448 263
768 239
448 266
780 233
447 268
792 230
465 268
849 194
-1 -1
455 264
865 232
-1 -1
460 272
889 248
468 275
963 245
470 276
1015 244
468 277
1075 250
460 273
1159 345
-1 -1
444 266
-1 -1
-1 -1
1198 329
-1 -1
433 257
-1 -1
-1 -1
-1 -1
445 263
-1 -1
-1 -1
-1 -1
-1 -1
449 266
-1 -1
-1 -1
-1 -1
-1 -1
452 267
-1 -1
-1 -1
-1 -1
453 268
-1 -1
-1 -1
-1 -1
-1 -1
459 273
-1 -1
-1 -1
452 272
-1 -1
-1 -1
453 271
-1 -1
-1 -1
-1 -1
453 274
-1 -1
-1 -1
-1 -1
459 276
-1 -1
-1 -1
-1 -1
461 277
-1 -1
-1 -1
-1 -1
462 277
-1 -1
-1 -1
-1 -1
1316 438
-1 -1
463 277
1290 421
-1 -1
-1 -1
-1 -1
-1 -1
459 277
1207 410
-1 -1
-1 -1
457 277
1159 320
-1 -1
456 282
1125 274
460 284
1075 255
-1 -1
-1 -1
421 260
1039 229
-1 -1
421 260
990 204
-1 -1
-1 -1
435 270
939 187
-1 -1
-1 -1
913 162
388 253
405 261
872 180
423 272
853 163
427 275
821 204
429 276
795 220
-1 -1
426 277
800 217
424 282
807 209
423 284
817 215
427 285
857 217
428 285
903 218
429 285
931 218
429 285
981 230
429 285
-1 -1
429 285
-1 -1
1113 261
-1 -1
434 291
1155 287
436 293
1224 330
-1 -1
-1 -1
437 289
-1 -1
-1 -1
-1 -1
433 288
-1 -1
-1 -1
-1 -1
435 291
-1 -1
-1 -1
442 293
-1 -1
-1 -1
-1 -1
441 289
-1 -1
-1 -1
444 288
-1 -1
-1 -1
-1 -1
441 287
-1 -1
-1 -1
-1 -1
-1 -1
435 286
-1 -1
-1 -1
-1 -1
436 291
-1 -1
-1 -1
-1 -1
436 292
-1 -1
-1 -1
-1 -1
437 293
-1 -1
-1 -1
1316 447
-1 -1
437 294
1316 412
-1 -1
-1 -1
-1 -1
442 294
-1 -1
-1 -1
1296 392
440 294
1189 318
-1 -1
-1 -1
434 290
1126 297
-1 -1
435 292
1066 280
-1 -1
436 293
1031 231
-1 -1
433 293
981 204
-1 -1
435 294
922 187
442 294
895 178
444 294
862 177
445 294
828 183
446 294
819 223
446 294
818 177
-1 -1
446 294
824 182
442 294
835 186
440 289
857 201
434 287
910 244
441 291
955 238
444 292
-1 -1
-1 -1
-1 -1
450 293
1105 270
-1 -1
-1 -1
459 294
1155 304
457 289
1209 339
456 287
-1 -1
-1 -1
1282 396
-1 -1
-1 -1
456 287
-1 -1
-1 -1
-1 -1
-1 -1
460 286
-1 -1
-1 -1
-1 -1
458 286
-1 -1
-1 -1
-1 -1
457 290
-1 -1
-1 -1
-1 -1
460 292
-1 -1
-1 -1
-1 -1
458 289
-1 -1
-1 -1
-1 -1
451 292
-1 -1
-1 -1
-1 -1
452 293
-1 -1
-1 -1
453 294
-1 -1
-1 -1
453 294
-1 -1
-1 -1
-1 -1
454 294
1282 413
-1 -1
-1 -1
-1 -1
-1 -1
454 289
1207 370
-1 -1
454 288
1152 325
-1 -1
459 287
1116 282
457 286
1066 263
461 286
1023 246
458 286
957 213
457 290
905 210
456 288
855 188
451 291
827 185
448 293
795 196
451 289
769 215
-1 -1
452 288
760 212
-1 -1
-1 -1
453 287
773 199
-1 -1
540 286
459 286
786 226
-1 -1
540 286
514 286
805 223
483 286
819 222
531 286
516 286
893 246
521 286
931 239
-1 -1
484 286
-1 -1
-1 -1
469 291
1054 261
-1 -1
465 292
-1 -1
-1 -1
1113 266
-1 -1
464 293
-1 -1
-1 -1
1181 295
-1 -1
-1 -1
464 290
1265 371
-1 -1
-1 -1
458 292
-1 -1
-1 -1
-1 -1
456 289
-1 -1
-1 -1
-1 -1
455 291
-1 -1
-1 -1
-1 -1
455 293
-1 -1
-1 -1
459 293
-1 -1
-1 -1
-1 -1
461 294
-1 -1
-1 -1
462 294
-1 -1
-1 -1
-1 -1
458 289
-1 -1
-1 -1
456 288
-1 -1
-1 -1
456 291
-1 -1
-1 -1
-1 -1
-1 -1
460 292
-1 -1
-1 -1
-1 -1
-1 -1
461 289
1274 388
-1 -1
462 291
1206 352
463 293
1144 317
-1 -1
463 289
1108 275
-1 -1
463 287
1058 255
-1 -1
548 270
463 287
999 214
463 286
948 203
-1 -1
458 291
904 195
457 288
862 200
460 287
828 195
461 287
795 194
462 291
785 233
-1 -1
463 293
784 240
463 293
797 236
-1 -1
463 294
819 227
463 294
867 223
463 294
905 245
463 299
972 237
463 301
-1 -1
463 298
1046 270
-1 -1
458 297
1120 274
-1 -1
-1 -1
456 296
1167 312
456 290
1259 364
-1 -1
-1 -1
459 288
-1 -1
-1 -1
-1 -1
-1 -1
457 291
-1 -1
-1 -1
-1 -1
456 288
-1 -1
-1 -1
460 287
-1 -1
-1 -1
-1 -1
462 291
-1 -1
-1 -1
462 292
-1 -1
-1 -1
463 293
-1 -1
-1 -1
-1 -1
-1 -1
-1 -1
458 294
-1 -1
457 294
-1 -1
-1 -1
-1 -1
456 294
-1 -1
-1 -1
-1 -1
455 299
1282 438
-1 -1
-1 -1
-1 -1
455 301
1282 412
-1 -1
-1 -1
-1 -1
455 298
1282 407
-1 -1
-1 -1
-1 -1
455 297
1130 320
-1 -1
-1 -1
455 296
1095 285
-1 -1
450 295
1035 233
448 290
991 220
442 288
932 197
-1 -1
439 287
896 201
556 253
438 286
-1 -1
433 286
-1 -1
447 290
801 227
452 292
796 246
453 293
794 264
-1 -1
454 294
794 268
-1 -1
454 294
811 269
454 294
815 269
454 290
-1 -1
885 267
454 292
-1 -1
-1 -1
450 288
-1 -1
-1 -1
442 287
1020 253
-1 -1
444 291
1145 278
-1 -1
-1 -1
449 292
1154 283
-1 -1
-1 -1
452 293
1258 362
-1 -1
449 294
1264 370
-1 -1
452 289
-1 -1
-1 -1
449 292
-1 -1
-1 -1
-1 -1
452 293
-1 -1
-1 -1
453 293
-1 -1
-1 -1
454 289
-1 -1
-1 -1
-1 -1
459 291
-1 -1
-1 -1
-1 -1
-1 -1
458 293
-1 -1
-1 -1
-1 -1
451 289
-1 -1
-1 -1
-1 -1
453 291
-1 -1
-1 -1
-1 -1
-1 -1
453 293
-1 -1
-1 -1
-1 -1
-1 -1
454 293
1265 413
-1 -1
-1 -1
459 294
-1 -1
-1 -1
1206 354
-1 -1
457 294
1163 319
-1 -1
456 294
1156 313
-1 -1
456 294
1070 259
-1 -1
455 294
1063 254
-1 -1
-1 -1
455 294
959 207
450 299
930 195
448 297
888 194
448 296
885 200
447 296
822 231
-1 -1
447 295
818 233
447 290
787 240
447 292
792 255
441 293
799 254
443 293
800 253
450 289
865 242
-1 -1
452 291
874 239
-1 -1
453 293
938 269
454 293
944 275
454 294
-1 -1
1080 297
-1 -1
454 294
-1 -1
1080 295
-1 -1
450 294
1192 323
-1 -1
452 294
1205 334
-1 -1
449 294
-1 -1
-1 -1
-1 -1
452 299
-1 -1
-1 -1
-1 -1
449 297
-1 -1
-1 -1
448 296
-1 -1
-1 -1
447 296
-1 -1
-1 -1
447 295
-1 -1
-1 -1
442 290
-1 -1
-1 -1
-1 -1
443 292
-1 -1
-1 -1
444 293
-1 -1
-1 -1
445 293
-1 -1
-1 -1
-1 -1
446 294
-1 -1
-1 -1
-1 -1
-1 -1
446 294
-1 -1
-1 -1
-1 -1
-1 -1
446 294
-1 -1
446 294
1130 312
-1 -1
446 294
1095 285
-1 -1
446 294
1089 280
-1 -1
451 299
986 217
453 297
948 196
-1 -1
453 296
897 186
450 296
846 201
452 295
-1 -1
453 295
793 227
454 295
787 227
-1 -1
454 295
789 227
-1 -1
450 290
796 238
452 288
827 237
453 291
833 232
453 292
834 224
454 293
-1 -1
961 225
454 294
-1 -1
-1 -1
454 294
-1 -1
1037 253
-1 -1
454 294
-1 -1
1037 294
-1 -1
454 294
-1 -1
-1 -1
1179 308
-1 -1
454 294
-1 -1
-1 -1
1252 348
450 294
-1 -1
-1 -1
452 294
-1 -1
-1 -1
453 294
-1 -1
-1 -1
-1 -1
450 294
-1 -1
448 294
-1 -1
-1 -1
451 299
-1 -1
-1 -1
453 301
-1 -1
-1 -1
-1 -1
453 301
-1 -1
-1 -1
450 298
-1 -1
-1 -1
448 297
-1 -1
-1 -1
448 296
-1 -1
-1 -1
-1 -1
451 295
-1 -1
-1 -1
-1 -1
-1 -1
453 295
-1 -1
-1 -1
453 295
-1 -1
454 295
1113 312
-1 -1
454 295
-1 -1
1071 285
-1 -1
450 295
1018 250
452 299
965 214
453 297
915 196
453 296
879 194
454 296
854 186
454 295
821 197
-1 -1
454 295
795 203
-1 -1
454 295
777 226
454 295
783 262
450 295
790 268
448 295
811 260
448 290
859 237
442 287
889 247
439 287
-1 -1
930 246
-1 -1
438 286
966 250
433 281
1064 278
-1 -1
434 283
1102 306
-1 -1
441 284
1193 340
444 284
1278 399
445 290
1338 434
-1 -1
446 292
-1 -1
451 293
-1 -1
-1 -1
-1 -1
453 294
-1 -1
-1 -1
450 290
-1 -1
-1 -1
452 292
-1 -1
-1 -1
-1 -1
453 293
-1 -1
-1 -1
-1 -1
454 294
-1 -1
-1 -1
454 294
-1 -1
-1 -1
454 294
-1 -1
-1 -1
-1 -1
-1 -1
454 294
1265 405
-1 -1
-1 -1
454 294
1230 399
-1 -1
-1 -1
-1 -1
454 294
1170 353
-1 -1
-1 -1
454 294
1133 308
-1 -1
-1 -1
450 294
1084 281
-1 -1
448 294
-1 -1
1024 271
-1 -1
451 299
989 231
-1 -1
443 297
939 205
440 296
944 202
-1 -1
439 296
881 187
448 295
854 185
452 299
804 200
453 301
801 207
460 301
778 234
462 307
783 235
-1 -1
459 306
790 241
-1 -1
457 305
801 234
456 299
832 230
460 290
877 246
-1 -1
540 270
458 292
914 245
457 293
1022 244
460 293
1067 249
-1 -1
462 294
1070 251
-1 -1
463 298
1149 287
-1 -1
-1 -1
463 300
1243 323
-1 -1
463 298
1303 390
-1 -1
-1 -1
463 300
-1 -1
-1 -1
-1 -1
459 301
-1 -1
-1 -1
-1 -1
-1 -1
457 298
-1 -1
-1 -1
-1 -1
-1 -1
460 296
-1 -1
-1 -1
-1 -1
451 296
-1 -1
-1 -1
-1 -1
453 295
-1 -1
-1 -1
449 295
-1 -1
-1 -1
-1 -1
442 295
-1 -1
-1 -1
-1 -1
-1 -1
433 290
1299 438
-1 -1
-1 -1
-1 -1
435 291
1310 426
447 293
1257 386
-1 -1
451 293
1204 326
-1 -1
453 294
1135 298
-1 -1
454 294
1091 264
460 294
1088 261
445 289
984 223
-1 -1
446 291
938 211
446 293
904 188
450 293
862 185
452 294
828 191
453 294
795 213
-1 -1
454 294
761 228
-1 -1
454 299
759 247
-1 -1
454 301
759 257
-1 -1
454 301
771 254
454 298
779 253
454 300
784 253
460 298
849 265
462 296
905 236
-1 -1
462 299
932 229
-1 -1
463 297
998 251
-1 -1
463 296
1075 295
-1 -1
463 295
-1 -1
-1 -1
1135 284
-1 -1
463 295
1211 306
-1 -1
-1 -1
463 295
1214 310
-1 -1
459 295
-1 -1
457 295
-1 -1
456 295
-1 -1
-1 -1
-1 -1
460 290
-1 -1
-1 -1
-1 -1
388 244
461 287
-1 -1
462 287
-1 -1
-1 -1
458 286
-1 -1
-1 -1
-1 -1
461 286
-1 -1
-1 -1
-1 -1
458 286
-1 -1
-1 -1
-1 -1
451 286
-1 -1
-1 -1
-1 -1
-1 -1
452 290
-1 -1
-1 -1
-1 -1
-1 -1
453 292
1324 413
-1 -1
459 293
-1 -1
-1 -1
1297 378
-1 -1
461 294
-1 -1
-1 -1
1292 372
-1 -1
458 294
1148 285
-1 -1
-1 -1
457 294
1139 278
-1 -1
456 294
1059 240
-1 -1
455 294
998 205
-1 -1
-1 -1
455 294
955 202
460 290
921 179
462 292
879 169
458 288
837 181
457 291
803 214
-1 -1
456 298
793 230
-1 -1
455 300
793 248
-1 -1
455 301
799 251
450 302
811 247
-1 -1
396 261
448 298
810 245
-1 -1
388 261
442 290
858 226
443 297
912 226
-1 -1
-1 -1
444 300
956 226
450 301
968 253
452 302
1031 288
-1 -1
-1 -1
453 302
1036 293
-1 -1
454 302
-1 -1
-1 -1
1215 301
450 298
-1 -1
-1 -1
-1 -1
-1 -1
448 296
-1 -1
-1 -1
451 296
-1 -1
-1 -1
-1 -1
453 299
-1 -1
-1 -1
453 301
-1 -1
-1 -1
454 298
-1 -1
454 296
-1 -1
-1 -1
454 296
-1 -1
-1 -1
-1 -1
454 295
-1 -1
-1 -1
-1 -1
450 290
-1 -1
-1 -1
448 287
-1 -1
-1 -1
388 244
-1 -1
-1 -1
-1 -1
-1 -1
-1 -1
388 244
455 286
1324 413
-1 -1
-1 -1
-1 -1
455 291
1305 394
-1 -1
-1 -1
-1 -1
455 293
1206 336
455 293
1151 283
-1 -1
460 294
1108 255
458 294
1041 229
456 290
997 197
451 288
948 208
449 287
945 203
451 286
873 225
452 291
829 207
-1 -1
453 292
811 213
-1 -1
454 293
810 216
-1 -1
450 289
-1 -1
-1 -1
794 199
448 288
793 188
-1 -1
442 287
799 215
443 291
810 207
-1 -1
849 228
396 270
396 270
871 263
-1 -1
407 274
921 251
-1 -1
-1 -1
424 281
956 273
-1 -1
422 284
1056 283
-1 -1
-1 -1
427 285
1102 323
424 285
1184 334
-1 -1
433 285
-1 -1
-1 -1
1285 390
-1 -1
443 291
-1 -1
-1 -1
-1 -1
445 293
-1 -1
-1 -1
-1 -1
459 299
-1 -1
-1 -1
456 301
-1 -1
-1 -1
455 299
-1 -1
-1 -1
461 297
-1 -1
-1 -1
458 296
-1 -1
457 296
-1 -1
-1 -1
-1 -1
456 295
-1 -1
-1 -1
-1 -1
-1 -1
456 295
1307 455
-1 -1
-1 -1
455 299
1281 404
-1 -1
-1 -1
455 301
1261 382
-1 -1
-1 -1
-1 -1
455 302
1258 379
-1 -1
-1 -1
-1 -1
455 302
1130 293
-1 -1
428 284
1074 263
-1 -1
-1 -1
-1 -1
-1 -1
-1 -1
1071 261
-1 -1
-1 -1
396 270
447 295
983 214
447 295
978 210
451 299
898 187
-1 -1
443 297
862 185
440 296
828 170
-1 -1
426 290
795 185
430 292
769 190
446 298
767 259
446 297
767 260
-1 -1
446 296
773 268
-1 -1
451 299
783 260
453 307
815 255
-1 -1
388 253
466 310
861 236
476 307
867 230
