-1 -1
-1 -1
-1 -1
-1 -1
-1 -1
-1 -1
480 700
-1 -1
-1 -1
480 700
-1 -1
-1 -1
-1 -1
-1 -1
480 691
-1 -1
-1 -1
480 683
-1 -1
-1 -1
-1 -1
-1 -1
-1 -1
-1 -1
-1 -1
-1 -1
-1 -1
497 683
-1 -1
-1 -1
492 683
-1 -1
489 683
-1 -1
-1 -1
-1 -1
-1 -1
497 675
-1 -1
-1 -1
-1 -1
497 679
-1 -1
-1 -1
-1 -1
-1 -1
-1 -1
-1 -1
-1 -1
506 683
-1 -1
480 683
-1 -1
480 683
-1 -1
469 683
-1 -1
-1 -1
-1 -1
-1 -1
472 675
-1 -1
-1 -1
476 675
-1 -1
-1 -1
-1 -1
-1 -1
472 675
-1 -1
-1 -1
472 675
-1 -1
-1 -1
472 675
-1 -1
489 666
-1 -1
489 671
-1 -1
500 673
-1 -1
487 673
-1 -1
-1 -1
-1 -1
-1 -1
-1 -1
-1 -1
-1 -1
497 675
-1 -1
-1 -1
548 632
-1 -1
-1 -1
-1 -1
-1 -1
-1 -1
-1 -1
-1 -1
-1 -1
-1 -1
-1 -1
1468 582
472 708
-1 -1
-1 -1
-1 -1
-1 -1
-1 -1
-1 -1
-1 -1
-1 -1
-1 -1
-1 -1
-1 -1
-1 -1
-1 -1
-1 -1
480 708
-1 -1
-1 -1
-1 -1
-1 -1
-1 -1
-1 -1
-1 -1
480 683
-1 -1
-1 -1
-1 -1
-1 -1
489 675
-1 -1
-1 -1
-1 -1
497 666
-1 -1
-1 -1
502 666
-1 -1
-1 -1
504 671
-1 -1
-1 -1
504 669
-1 -1
-1 -1
505 672
-1 -1
-1 -1
501 673
-1 -1
-1 -1
-1 -1
-1 -1
-1 -1
-1 -1
-1 -1
480 683
-1 -1
-1 -1
-1 -1
-1 -1
472 683
-1 -1
467 678
-1 -1
-1 -1
-1 -1
455 683
-1 -1
-1 -1
-1 -1
455 683
-1 -1
455 683
-1 -1
455 683
-1 -1
-1 -1
480 658
-1 -1
-1 -1
480 666
-1 -1
-1 -1
480 671
-1 -1
-1 -1
-1 -1
-1 -1
-1 -1
491 669
-1 -1
-1 -1
506 675
-1 -1
-1 -1
-1 -1
506 666
-1 -1
-1 -1
506 666
-1 -1
-1 -1
-1 -1
514 666
-1 -1
-1 -1
1459 573
514 675
-1 -1
-1 -1
495 700
1324 658
-1 -1
-1 -1
-1 -1
-1 -1
-1 -1
-1 -1
-1 -1
-1 -1
-1 -1
-1 -1
-1 -1
-1 -1
-1 -1
-1 -1
480 691
-1 -1
-1 -1
-1 -1
-1 -1
485 686
-1 -1
-1 -1
-1 -1
497 666
-1 -1
-1 -1
-1 -1
-1 -1
497 677
-1 -1
-1 -1
-1 -1
492 680
-1 -1
-1 -1
-1 -1
-1 -1
-1 -1
-1 -1
-1 -1
480 683
-1 -1
-1 -1
-1 -1
-1 -1
-1 -1
-1 -1
-1 -1
-1 -1
-1 -1
-1 -1
-1 -1
-1 -1
480 675
-1 -1
489 675
-1 -1
-1 -1
-1 -1
-1 -1
480 683
-1 -1
472 675
-1 -1
483 675
-1 -1
-1 -1
480 675
-1 -1
489 683
-1 -1
-1 -1
489 675
-1 -1
-1 -1
483 679
-1 -1
-1 -1
-1 -1
-1 -1
-1 -1
-1 -1
-1 -1
-1 -1
540 658
489 683
-1 -1
-1 -1
489 671
-1 -1
-1 -1
-1 -1
-1 -1
548 658
-1 -1
-1 -1
-1 -1
-1 -1
548 658
-1 -1
-1 -1
-1 -1
548 666
-1 -1
-1 -1
-1 -1
-1 -1
548 666
-1 -1
-1 -1
-1 -1
-1 -1
-1 -1
548 661
-1 -1
-1 -1
-1 -1
-1 -1
548 666
-1 -1
-1 -1
-1 -1
-1 -1
-1 -1
-1 -1
480 683
-1 -1
-1 -1
539 664
-1 -1
-1 -1
-1 -1
-1 -1
-1 -1
-1 -1
540 666
-1 -1
-1 -1
-1 -1
-1 -1
-1 -1
-1 -1
-1 -1
-1 -1
-1 -1
-1 -1
514 683
-1 -1
514 683
-1 -1
-1 -1
-1 -1
-1 -1
-1 -1
-1 -1
-1 -1
-1 -1
-1 -1
-1 -1
-1 -1
-1 -1
-1 -1
-1 -1
-1 -1
-1 -1
489 666
-1 -1
489 666
-1 -1
-1 -1
489 666
-1 -1
-1 -1
-1 -1
-1 -1
-1 -1
-1 -1
497 683
-1 -1
497 675
-1 -1
539 663
-1 -1
546 668
-1 -1
-1 -1
-1 -1
548 632
-1 -1
-1 -1
-1 -1
-1 -1
-1 -1
548 666
-1 -1
-1 -1
-1 -1
-1 -1
-1 -1
-1 -1
-1 -1
548 632
-1 -1
-1 -1
-1 -1
-1 -1
548 691
-1 -1
-1 -1
-1 -1
-1 -1
-1 -1
-1 -1
-1 -1
-1 -1
548 700
-1 -1
-1 -1
-1 -1
-1 -1
-1 -1
548 683
-1 -1
-1 -1
-1 -1
-1 -1
-1 -1
-1 -1
480 666
-1 -1
-1 -1
-1 -1
-1 -1
-1 -1
480 666
-1 -1
-1 -1
-1 -1
480 666
-1 -1
-1 -1
-1 -1
-1 -1
-1 -1
-1 -1
-1 -1
-1 -1
506 691
-1 -1
-1 -1
-1 -1
-1 -1
489 675
-1 -1
-1 -1
-1 -1
506 683
-1 -1
-1 -1
-1 -1
514 675
-1 -1
-1 -1
-1 -1
-1 -1
-1 -1
-1 -1
514 666
-1 -1
514 661
-1 -1
514 653
-1 -1
-1 -1
-1 -1
-1 -1
-1 -1
-1 -1
540 666
-1 -1
-1 -1
-1 -1
-1 -1
-1 -1
-1 -1
531 675
-1 -1
-1 -1
-1 -1
531 669
-1 -1
540 658
1459 523
-1 -1
-1 -1
548 658
-1 -1
-1 -1
548 662
-1 -1
-1 -1
-1 -1
-1 -1
548 666
-1 -1
-1 -1
-1 -1
536 677
-1 -1
-1 -1
-1 -1
-1 -1
533 676
-1 -1
-1 -1
-1 -1
526 675
-1 -1
-1 -1
-1 -1
-1 -1
-1 -1
-1 -1
-1 -1
-1 -1
-1 -1
-1 -1
-1 -1
-1 -1
-1 -1
-1 -1
-1 -1
-1 -1
-1 -1
-1 -1
-1 -1
489 658
-1 -1
-1 -1
480 675
-1 -1
-1 -1
480 675
-1 -1
472 683
-1 -1
-1 -1
480 683
-1 -1
497 666
-1 -1
471 677
-1 -1
-1 -1
-1 -1
-1 -1
455 675
-1 -1
-1 -1
-1 -1
-1 -1
-1 -1
-1 -1
-1 -1
480 666
-1 -1
-1 -1
472 666
-1 -1
-1 -1
-1 -1
489 691
-1 -1
-1 -1
-1 -1
-1 -1
548 658
-1 -1
-1 -1
523 683
-1 -1
541 664
-1 -1
-1 -1
-1 -1
-1 -1
-1 -1
-1 -1
-1 -1
-1 -1
-1 -1
-1 -1
548 658
-1 -1
-1 -1
548 662
-1 -1
-1 -1
-1 -1
-1 -1
-1 -1
548 658
-1 -1
548 658
-1 -1
548 658
-1 -1
-1 -1
-1 -1
521 669
-1 -1
-1 -1
-1 -1
-1 -1
489 666
-1 -1
-1 -1
489 666
-1 -1
-1 -1
-1 -1
480 666
-1 -1
-1 -1
472 666
-1 -1
-1 -1
514 683
-1 -1
-1 -1
-1 -1
-1 -1
-1 -1
497 683
-1 -1
497 678
-1 -1
502 680
-1 -1
479 681
-1 -1
487 678
-1 -1
-1 -1
-1 -1
-1 -1
-1 -1
472 683
-1 -1
472 683
-1 -1
-1 -1
-1 -1
-1 -1
-1 -1
-1 -1
-1 -1
-1 -1
-1 -1
-1 -1
-1 -1
-1 -1
-1 -1
-1 -1
489 683
-1 -1
-1 -1
-1 -1
-1 -1
514 683
-1 -1
523 675
-1 -1
-1 -1
-1 -1
-1 -1
-1 -1
489 683
-1 -1
-1 -1
-1 -1
-1 -1
548 658
-1 -1
-1 -1
548 658
489 683
-1 -1
-1 -1
-1 -1
556 666
493 683
-1 -1
-1 -1
556 666
-1 -1
-1 -1
556 671
-1 -1
-1 -1
-1 -1
556 675
-1 -1
-1 -1
-1 -1
556 679
-1 -1
-1 -1
-1 -1
556 683
-1 -1
-1 -1
556 666
-1 -1
-1 -1
-1 -1
-1 -1
-1 -1
548 658
-1 -1
-1 -1
-1 -1
-1 -1
-1 -1
-1 -1
548 658
-1 -1
-1 -1
489 683
-1 -1
-1 -1
-1 -1
-1 -1
514 683
-1 -1
-1 -1
-1 -1
-1 -1
-1 -1
497 683
-1 -1
-1 -1
502 683
-1 -1
-1 -1
-1 -1
514 683
-1 -1
-1 -1
514 683
-1 -1
514 691
-1 -1
-1 -1
514 686
-1 -1
-1 -1
-1 -1
-1 -1
-1 -1
-1 -1
480 683
-1 -1
480 683
-1 -1
-1 -1
-1 -1
514 666
-1 -1
502 671
-1 -1
-1 -1
-1 -1
-1 -1
-1 -1
-1 -1
-1 -1
-1 -1
-1 -1
-1 -1
-1 -1
489 683
-1 -1
497 683
-1 -1
-1 -1
-1 -1
540 666
-1 -1
-1 -1
548 666
-1 -1
-1 -1
-1 -1
556 675
-1 -1
-1 -1
-1 -1
-1 -1
-1 -1
-1 -1
556 675
-1 -1
-1 -1
556 669
-1 -1
-1 -1
556 675
-1 -1
-1 -1
-1 -1
-1 -1
556 675
-1 -1
-1 -1
-1 -1
-1 -1
-1 -1
-1 -1
-1 -1
556 666
-1 -1
-1 -1
-1 -1
556 661
-1 -1
-1 -1
-1 -1
-1 -1
-1 -1
556 663
-1 -1
-1 -1
-1 -1
-1 -1
548 658
-1 -1
-1 -1
-1 -1
-1 -1
480 675
-1 -1
-1 -1
480 683
548 658
-1 -1
-1 -1
480 683
-1 -1
-1 -1
531 664
-1 -1
-1 -1
514 683
-1 -1
-1 -1
514 687
-1 -1
514 683
-1 -1
-1 -1
-1 -1
-1 -1
-1 -1
-1 -1
-1 -1
480 683
-1 -1
-1 -1
480 683
-1 -1
-1 -1
-1 -1
497 683
-1 -1
492 683
-1 -1
-1 -1
-1 -1
-1 -1
-1 -1
-1 -1
-1 -1
480 675
-1 -1
-1 -1
-1 -1
514 683
-1 -1
-1 -1
-1 -1
523 691
-1 -1
-1 -1
-1 -1
-1 -1
548 683
-1 -1
-1 -1
-1 -1
-1 -1
548 658
-1 -1
-1 -1
-1 -1
552 658
-1 -1
-1 -1
565 675
489 658
-1 -1
-1 -1
-1 -1
559 675
-1 -1
-1 -1
-1 -1
556 666
-1 -1
-1 -1
-1 -1
556 666
-1 -1
-1 -1
-1 -1
556 671
-1 -1
-1 -1
556 666
-1 -1
-1 -1
556 666
-1 -1
-1 -1
-1 -1
556 666
-1 -1
-1 -1
-1 -1
-1 -1
548 666
497 683
-1 -1
-1 -1
-1 -1
-1 -1
-1 -1
-1 -1
506 683
-1 -1
-1 -1
-1 -1
-1 -1
-1 -1
-1 -1
-1 -1
-1 -1
-1 -1
514 683
-1 -1
509 683
-1 -1
-1 -1
-1 -1
-1 -1
-1 -1
-1 -1
480 683
-1 -1
-1 -1
759 658
480 683
-1 -1
-1 -1
480 678
-1 -1
-1 -1
-1 -1
480 676
-1 -1
-1 -1
-1 -1
-1 -1
-1 -1
-1 -1
-1 -1
-1 -1
-1 -1
-1 -1
-1 -1
-1 -1
-1 -1
-1 -1
-1 -1
-1 -1
489 683
-1 -1
-1 -1
-1 -1
-1 -1
500 683
-1 -1
-1 -1
-1 -1
-1 -1
498 683
-1 -1
-1 -1
-1 -1
556 675
-1 -1
-1 -1
-1 -1
-1 -1
556 683
-1 -1
-1 -1
556 658
-1 -1
-1 -1
-1 -1
556 666
-1 -1
-1 -1
556 666
-1 -1
-1 -1
-1 -1
556 666
-1 -1
-1 -1
-1 -1
551 661
-1 -1
-1 -1
549 659
-1 -1
-1 -1
-1 -1
-1 -1
-1 -1
-1 -1
-1 -1
-1 -1
-1 -1
-1 -1
489 658
-1 -1
-1 -1
-1 -1
-1 -1
489 658
-1 -1
-1 -1
480 675
-1 -1
-1 -1
480 663
-1 -1
-1 -1
480 675
-1 -1
-1 -1
480 679
-1 -1
-1 -1
480 681
-1 -1
-1 -1
-1 -1
-1 -1
-1 -1
514 691
-1 -1
514 691
-1 -1
519 686
-1 -1
-1 -1
-1 -1
-1 -1
-1 -1
-1 -1
480 683
-1 -1
480 683
-1 -1
-1 -1
489 683
-1 -1
497 683
-1 -1
492 683
-1 -1
-1 -1
-1 -1
-1 -1
-1 -1
-1 -1
-1 -1
-1 -1
514 683
-1 -1
-1 -1
-1 -1
519 683
-1 -1
540 683
-1 -1
-1 -1
556 675
-1 -1
-1 -1
-1 -1
-1 -1
556 675
-1 -1
-1 -1
-1 -1
556 679
-1 -1
-1 -1
-1 -1
556 677
-1 -1
-1 -1
556 676
-1 -1
-1 -1
556 676
-1 -1
-1 -1
556 675
-1 -1
-1 -1
-1 -1
-1 -1
-1 -1
556 675
-1 -1
-1 -1
556 675
-1 -1
-1 -1
556 666
-1 -1
-1 -1
-1 -1
-1 -1
556 666
-1 -1
-1 -1
-1 -1
556 671
-1 -1
-1 -1
548 666
-1 -1
489 675
-1 -1
-1 -1
548 666
-1 -1
483 675
-1 -1
-1 -1
-1 -1
-1 -1
539 679
-1 -1
-1 -1
-1 -1
-1 -1
-1 -1
-1 -1
-1 -1
-1 -1
-1 -1
514 691
-1 -1
-1 -1
-1 -1
-1 -1
523 683
-1 -1
523 683
-1 -1
-1 -1
-1 -1
489 683
-1 -1
-1 -1
480 683
-1 -1
-1 -1
480 683
-1 -1
-1 -1
-1 -1
-1 -1
-1 -1
-1 -1
-1 -1
-1 -1
-1 -1
-1 -1
-1 -1
-1 -1
-1 -1
-1 -1
-1 -1
514 683
-1 -1
-1 -1
-1 -1
514 683
-1 -1
-1 -1
-1 -1
514 683
-1 -1
-1 -1
548 678
-1 -1
-1 -1
554 676
-1 -1
556 666
-1 -1
-1 -1
-1 -1
556 658
-1 -1
-1 -1
556 662
-1 -1
-1 -1
556 664
-1 -1
-1 -1
-1 -1
556 675
-1 -1
-1 -1
-1 -1
551 675
-1 -1
-1 -1
-1 -1
-1 -1
549 679
-1 -1
-1 -1
-1 -1
-1 -1
-1 -1
-1 -1
-1 -1
-1 -1
472 708
-1 -1
-1 -1
-1 -1
-1 -1
472 708
-1 -1
-1 -1
-1 -1
-1 -1
-1 -1
-1 -1
-1 -1
-1 -1
-1 -1
480 658
-1 -1
-1 -1
548 649
-1 -1
-1 -1
548 649
-1 -1
-1 -1
480 683
-1 -1
-1 -1
-1 -1
480 683
-1 -1
-1 -1
-1 -1
523 691
-1 -1
-1 -1
-1 -1
-1 -1
-1 -1
-1 -1
472 675
-1 -1
480 675
-1 -1
-1 -1
-1 -1
-1 -1
-1 -1
-1 -1
-1 -1
-1 -1
-1 -1
-1 -1
497 675
-1 -1
-1 -1
497 675
-1 -1
-1 -1
-1 -1
-1 -1
-1 -1
-1 -1
-1 -1
514 683
-1 -1
-1 -1
-1 -1
514 683
-1 -1
-1 -1
525 683
-1 -1
-1 -1
535 678
-1 -1
-1 -1
556 675
-1 -1
-1 -1
-1 -1
556 679
-1 -1
-1 -1
556 675
-1 -1
-1 -1
556 675
-1 -1
-1 -1
-1 -1
-1 -1
-1 -1
-1 -1
-1 -1
-1 -1
-1 -1
548 658
-1 -1
-1 -1
-1 -1
-1 -1
-1 -1
-1 -1
556 658
-1 -1
-1 -1
548 658
-1 -1
-1 -1
-1 -1
-1 -1
552 669
-1 -1
-1 -1
-1 -1
-1 -1
554 672
-1 -1
-1 -1
551 664
-1 -1
-1 -1
548 666
-1 -1
-1 -1
548 666
-1 -1
-1 -1
548 666
-1 -1
-1 -1
-1 -1
-1 -1
514 691
-1 -1
-1 -1
-1 -1
-1 -1
-1 -1
-1 -1
-1 -1
480 683
-1 -1
480 678
759 666
-1 -1
480 676
759 666
-1 -1
-1 -1
-1 -1
480 675
-1 -1
485 669
-1 -1
487 671
-1 -1
-1 -1
-1 -1
-1 -1
-1 -1
-1 -1
-1 -1
-1 -1
-1 -1
506 683
-1 -1
-1 -1
-1 -1
506 683
-1 -1
-1 -1
-1 -1
548 658
497 666
-1 -1
-1 -1
-1 -1
-1 -1
-1 -1
-1 -1
548 658
-1 -1
-1 -1
-1 -1
-1 -1
-1 -1
548 683
-1 -1
-1 -1
-1 -1
-1 -1
548 691
-1 -1
-1 -1
548 683
-1 -1
-1 -1
-1 -1
548 683
-1 -1
-1 -1
548 683
-1 -1
-1 -1
552 640
-1 -1
-1 -1
554 633
-1 -1
-1 -1
-1 -1
-1 -1
-1 -1
-1 -1
-1 -1
-1 -1
-1 -1
-1 -1
-1 -1
-1 -1
-1 -1
-1 -1
-1 -1
-1 -1
-1 -1
480 658
-1 -1
-1 -1
-1 -1
480 662
-1 -1
497 675
-1 -1
-1 -1
-1 -1
-1 -1
-1 -1
-1 -1
-1 -1
-1 -1
-1 -1
-1 -1
-1 -1
-1 -1
-1 -1
-1 -1
-1 -1
-1 -1
-1 -1
-1 -1
-1 -1
-1 -1
-1 -1
514 675
-1 -1
495 675
-1 -1
496 675
-1 -1
-1 -1
-1 -1
506 666
-1 -1
506 658
-1 -1
-1 -1
514 666
-1 -1
-1 -1
525 677
-1 -1
548 666
-1 -1
-1 -1
-1 -1
-1 -1
565 666
-1 -1
556 675
-1 -1
-1 -1
565 666
-1 -1
-1 -1
565 666
-1 -1
-1 -1
559 666
-1 -1
-1 -1
-1 -1
-1 -1
557 666
-1 -1
-1 -1
557 666
-1 -1
-1 -1
-1 -1
-1 -1
-1 -1
-1 -1
556 658
-1 -1
-1 -1
-1 -1
556 662
-1 -1
-1 -1
556 658
-1 -1
-1 -1
-1 -1
551 658
-1 -1
489 675
-1 -1
-1 -1
-1 -1
-1 -1
556 658
-1 -1
-1 -1
-1 -1
480 666
-1 -1
-1 -1
485 677
-1 -1
-1 -1
-1 -1
492 680
-1 -1
-1 -1
-1 -1
-1 -1
-1 -1
-1 -1
-1 -1
-1 -1
-1 -1
489 675
-1 -1
-1 -1
-1 -1
-1 -1
-1 -1
489 675
-1 -1
-1 -1
-1 -1
-1 -1
489 666
-1 -1
-1 -1
477 677
-1 -1
-1 -1
-1 -1
489 666
-1 -1
-1 -1
-1 -1
-1 -1
-1 -1
-1 -1
-1 -1
489 675
-1 -1
-1 -1
514 683
-1 -1
-1 -1
509 683
-1 -1
-1 -1
540 666
489 666
-1 -1
-1 -1
556 675
-1 -1
-1 -1
-1 -1
556 658
-1 -1
-1 -1
-1 -1
556 658
-1 -1
-1 -1
-1 -1
548 675
-1 -1
-1 -1
-1 -1
-1 -1
548 669
-1 -1
-1 -1
-1 -1
548 667
-1 -1
-1 -1
-1 -1
548 667
-1 -1
-1 -1
548 666
-1 -1
-1 -1
-1 -1
556 666
-1 -1
-1 -1
-1 -1
-1 -1
-1 -1
-1 -1
-1 -1
-1 -1
-1 -1
556 666
-1 -1
-1 -1
-1 -1
-1 -1
480 658
-1 -1
-1 -1
531 683
-1 -1
-1 -1
-1 -1
480 658
-1 -1
480 666
-1 -1
480 666
-1 -1
-1 -1
489 683
-1 -1
-1 -1
-1 -1
-1 -1
-1 -1
-1 -1
-1 -1
-1 -1
-1 -1
-1 -1
480 666
-1 -1
-1 -1
480 666
-1 -1
-1 -1
480 666
-1 -1
759 658
469 671
-1 -1
-1 -1
-1 -1
-1 -1
-1 -1
480 675
-1 -1
491 675
-1 -1
-1 -1
-1 -1
-1 -1
-1 -1
489 675
-1 -1
-1 -1
514 683
-1 -1
-1 -1
514 678
-1 -1
-1 -1
-1 -1
489 666
540 670
-1 -1
-1 -1
-1 -1
552 667
-1 -1
-1 -1
554 666
-1 -1
556 658
-1 -1
556 658
-1 -1
-1 -1
556 658
-1 -1
-1 -1
-1 -1
556 658
-1 -1
-1 -1
-1 -1
-1 -1
-1 -1
556 666
-1 -1
-1 -1
-1 -1
561 647
-1 -1
-1 -1
-1 -1
-1 -1
-1 -1
-1 -1
-1 -1
-1 -1
-1 -1
-1 -1
-1 -1
-1 -1
-1 -1
-1 -1
-1 -1
-1 -1
-1 -1
548 649
-1 -1
-1 -1
480 658
-1 -1
-1 -1
-1 -1
-1 -1
-1 -1
-1 -1
-1 -1
-1 -1
-1 -1
-1 -1
-1 -1
-1 -1
-1 -1
-1 -1
480 666
-1 -1
-1 -1
-1 -1
-1 -1
-1 -1
548 658
-1 -1
-1 -1
-1 -1
552 658
-1 -1
-1 -1
-1 -1
497 666
-1 -1
492 666
-1 -1
484 666
-1 -1
-1 -1
489 666
-1 -1
-1 -1
483 666
-1 -1
-1 -1
481 661
-1 -1
-1 -1
-1 -1
-1 -1
480 666
-1 -1
-1 -1
-1 -1
480 666
-1 -1
-1 -1
489 666
-1 -1
-1 -1
-1 -1
497 675
-1 -1
489 675
-1 -1
-1 -1
-1 -1
-1 -1
489 658
573 683
-1 -1
-1 -1
489 658
-1 -1
-1 -1
-1 -1
-1 -1
-1 -1
-1 -1
-1 -1
556 658
489 658
-1 -1
-1 -1
489 658
-1 -1
-1 -1
-1 -1
-1 -1
-1 -1
-1 -1
-1 -1
-1 -1
-1 -1
-1 -1
-1 -1
-1 -1
-1 -1
556 675
-1 -1
-1 -1
-1 -1
-1 -1
556 679
-1 -1
-1 -1
-1 -1
561 677
-1 -1
-1 -1
576 640
-1 -1
-1 -1
-1 -1
-1 -1
-1 -1
-1 -1
-1 -1
548 658
-1 -1
-1 -1
-1 -1
-1 -1
-1 -1
552 658
-1 -1
-1 -1
-1 -1
-1 -1
548 658
-1 -1
-1 -1
556 658
-1 -1
-1 -1
548 658
-1 -1
-1 -1
-1 -1
-1 -1
-1 -1
-1 -1
-1 -1
-1 -1
-1 -1
540 708
-1 -1
534 682
-1 -1
-1 -1
-1 -1
-1 -1
480 658
-1 -1
-1 -1
480 658
-1 -1
-1 -1
-1 -1
-1 -1
-1 -1
-1 -1
-1 -1
-1 -1
-1 -1
489 649
-1 -1
-1 -1
-1 -1
489 658
-1 -1
-1 -1
-1 -1
506 666
-1 -1
-1 -1
-1 -1
514 675
-1 -1
-1 -1
523 675
-1 -1
-1 -1
-1 -1
523 679
-1 -1
540 675
-1 -1
-1 -1
556 658
-1 -1
-1 -1
-1 -1
-1 -1
-1 -1
-1 -1
556 666
-1 -1
-1 -1
-1 -1
556 666
-1 -1
-1 -1
-1 -1
-1 -1
556 658
-1 -1
-1 -1
556 658
-1 -1
-1 -1
556 658
-1 -1
-1 -1
556 658
-1 -1
556 658
-1 -1
-1 -1
-1 -1
556 658
-1 -1
-1 -1
-1 -1
556 658
-1 -1
-1 -1
556 658
-1 -1
-1 -1
-1 -1
556 662
-1 -1
-1 -1
-1 -1
497 660
-1 -1
-1 -1
-1 -1
-1 -1
490 659
-1 -1
-1 -1
-1 -1
-1 -1
-1 -1
506 675
-1 -1
-1 -1
-1 -1
540 655
489 658
-1 -1
-1 -1
-1 -1
540 657
489 658
-1 -1
-1 -1
-1 -1
-1 -1
-1 -1
-1 -1
-1 -1
548 666
-1 -1
-1 -1
-1 -1
-1 -1
540 683
-1 -1
489 658
-1 -1
-1 -1
-1 -1
-1 -1
-1 -1
759 658
464 641
-1 -1
759 658
464 635
-1 -1
-1 -1
-1 -1
-1 -1
480 658
-1 -1
-1 -1
-1 -1
-1 -1
-1 -1
