582 194
-1 -1
-1 -1
-1 -1
-1 -1
582 194
1468 506
-1 -1
582 194
1468 506
-1 -1
582 194
1432 486
-1 -1
-1 -1
-1 -1
582 194
1426 482
-1 -1
582 194
-1 -1
-1 -1
582 194
-1 -1
-1 -1
582 194
-1 -1
-1 -1
582 194
-1 -1
-1 -1
582 194
-1 -1
-1 -1
582 194
-1 -1
-1 -1
-1 -1
582 194
-1 -1
-1 -1
-1 -1
582 194
-1 -1
582 198
-1 -1
-1 -1
582 196
-1 -1
-1 -1
582 195
-1 -1
582 195
-1 -1
582 198
-1 -1
582 200
-1 -1
586 200
-1 -1
-1 -1
588 201
-1 -1
-1 -1
588 201
-1 -1
-1 -1
-1 -1
-1 -1
589 201
-1 -1
-1 -1
589 206
-1 -1
-1 -1
589 208
-1 -1
585 208
-1 -1
583 209
-1 -1
586 209
-1 -1
588 209
-1 -1
-1 -1
-1 -1
-1 -1
585 209
-1 -1
-1 -1
587 209
-1 -1
-1 -1
-1 -1
588 205
-1 -1
-1 -1
588 203
-1 -1
-1 -1
589 203
-1 -1
589 202
-1 -1
-1 -1
-1 -1
589 202
-1 -1
589 202
-1 -1
-1 -1
-1 -1
589 202
-1 -1
-1 -1
-1 -1
589 202
-1 -1
-1 -1
-1 -1
-1 -1
585 197
1459 514
-1 -1
583 195
-1 -1
-1 -1
-1 -1
-1 -1
583 198
-1 -1
-1 -1
-1 -1
-1 -1
582 199
1324 379
-1 -1
582 196
-1 -1
-1 -1
582 195
-1 -1
-1 -1
582 194
-1 -1
-1 -1
582 194
-1 -1
-1 -1
582 194
-1 -1
-1 -1
582 194
-1 -1
582 194
-1 -1
582 194
-1 -1
582 194
-1 -1
586 198
-1 -1
-1 -1
588 200
-1 -1
588 200
-1 -1
585 206
-1 -1
-1 -1
-1 -1
587 208
-1 -1
-1 -1
-1 -1
588 209
-1 -1
585 209
-1 -1
583 209
-1 -1
-1 -1
583 209
-1 -1
-1 -1
582 209
-1 -1
-1 -1
-1 -1
582 209
-1 -1
-1 -1
-1 -1
-1 -1
-1 -1
582 209
-1 -1
-1 -1
582 209
-1 -1
-1 -1
-1 -1
582 209
-1 -1
-1 -1
582 209
-1 -1
-1 -1
-1 -1
586 209
-1 -1
-1 -1
-1 -1
588 209
-1 -1
-1 -1
-1 -1
585 209
-1 -1
587 209
-1 -1
-1 -1
-1 -1
-1 -1
588 205
-1 -1
-1 -1
-1 -1
585 198
-1 -1
-1 -1
-1 -1
583 189
-1 -1
-1 -1
-1 -1
583 186
-1 -1
-1 -1
-1 -1
-1 -1
577 180
-1 -1
-1 -1
-1 -1
-1 -1
561 164
1299 388
-1 -1
551 154
-1 -1
-1 -1
543 145
-1 -1
534 143
-1 -1
-1 -1
525 143
-1 -1
523 143
-1 -1
523 143
-1 -1
516 138
-1 -1
515 129
-1 -1
509 127
-1 -1
-1 -1
500 126
-1 -1
492 126
-1 -1
490 121
-1 -1
-1 -1
483 119
-1 -1
481 118
-1 -1
474 118
-1 -1
-1 -1
473 118
-1 -1
472 112
-1 -1
-1 -1
472 110
-1 -1
-1 -1
467 113
-1 -1
-1 -1
465 111
1223 320
458 110
-1 -1
-1 -1
-1 -1
-1 -1
456 109
-1 -1
-1 -1
455 109
-1 -1
-1 -1
455 109
-1 -1
-1 -1
455 109
-1 -1
455 109
-1 -1
-1 -1
455 109
-1 -1
-1 -1
-1 -1
455 109
-1 -1
-1 -1
-1 -1
-1 -1
455 109
-1 -1
-1 -1
-1 -1
-1 -1
455 109
-1 -1
-1 -1
-1 -1
-1 -1
-1 -1
459 109
-1 -1
-1 -1
-1 -1
461 109
-1 -1
-1 -1
458 109
-1 -1
-1 -1
-1 -1
461 109
-1 -1
-1 -1
-1 -1
-1 -1
458 114
-1 -1
-1 -1
456 116
-1 -1
-1 -1
456 116
-1 -1
455 122
-1 -1
-1 -1
455 124
-1 -1
450 125
-1 -1
448 125
-1 -1
448 125
-1 -1
-1 -1
447 125
-1 -1
-1 -1
447 121
-1 -1
-1 -1
447 123
-1 -1
447 124
-1 -1
441 125
-1 -1
-1 -1
443 121
-1 -1
440 123
-1 -1
439 124
-1 -1
438 130
-1 -1
-1 -1
438 128
-1 -1
438 132
-1 -1
438 129
1240 345
438 132
-1 -1
-1 -1
-1 -1
438 133
-1 -1
-1 -1
-1 -1
438 134
-1 -1
-1 -1
438 134
-1 -1
-1 -1
433 139
-1 -1
-1 -1
-1 -1
435 137
-1 -1
432 140
-1 -1
-1 -1
-1 -1
431 141
-1 -1
-1 -1
430 142
-1 -1
-1 -1
430 142
-1 -1
-1 -1
-1 -1
424 142
-1 -1
-1 -1
-1 -1
-1 -1
422 142
-1 -1
421 142
-1 -1
-1 -1
-1 -1
421 147
-1 -1
416 149
-1 -1
-1 -1
-1 -1
414 149
-1 -1
-1 -1
-1 -1
413 146
-1 -1
-1 -1
413 145
-1 -1
408 147
-1 -1
400 170
-1 -1
402 165
-1 -1
398 173
-1 -1
-1 -1
400 175
-1 -1
398 173
-1 -1
401 166
-1 -1
402 166
-1 -1
399 167
-1 -1
-1 -1
392 172
-1 -1
389 180
-1 -1
388 179
-1 -1
388 182
-1 -1
-1 -1
388 180
1164 379
-1 -1
388 182
-1 -1
-1 -1
388 183
-1 -1
-1 -1
388 184
-1 -1
-1 -1
-1 -1
-1 -1
388 190
-1 -1
-1 -1
392 188
-1 -1
-1 -1
-1 -1
394 197
-1 -1
-1 -1
394 200
-1 -1
-1 -1
400 198
-1 -1
-1 -1
-1 -1
403 200
-1 -1
-1 -1
-1 -1
-1 -1
409 191
-1 -1
-1 -1
-1 -1
411 187
-1 -1
-1 -1
-1 -1
412 186
-1 -1
-1 -1
412 190
-1 -1
412 187
-1 -1
409 196
-1 -1
407 195
-1 -1
-1 -1
406 189
-1 -1
-1 -1
405 197
-1 -1
400 199
-1 -1
-1 -1
401 197
-1 -1
-1 -1
402 196
-1 -1
-1 -1
399 189
-1 -1
392 203
-1 -1
-1 -1
389 202
-1 -1
388 191
-1 -1
388 211
-1 -1
382 210
-1 -1
-1 -1
384 210
-1 -1
385 222
-1 -1
386 225
-1 -1
386 226
-1 -1
387 223
-1 -1
-1 -1
399 225
-1 -1
393 216
-1 -1
-1 -1
394 212
1240 447
1240 447
-1 -1
-1 -1
391 206
-1 -1
390 203
-1 -1
-1 -1
389 202
-1 -1
-1 -1
-1 -1
-1 -1
388 202
-1 -1
-1 -1
-1 -1
-1 -1
388 205
-1 -1
-1 -1
-1 -1
392 204
-1 -1
-1 -1
394 203
-1 -1
394 202
-1 -1
391 197
-1 -1
-1 -1
-1 -1
393 199
-1 -1
-1 -1
-1 -1
390 196
-1 -1
-1 -1
389 195
-1 -1
-1 -1
-1 -1
392 198
-1 -1
-1 -1
390 189
-1 -1
-1 -1
389 173
-1 -1
-1 -1
388 175
-1 -1
388 170
-1 -1
383 169
-1 -1
380 168
-1 -1
380 168
-1 -1
379 168
-1 -1
374 172
-1 -1
372 170
-1 -1
371 173
-1 -1
371 171
-1 -1
375 173
-1 -1
-1 -1
373 171
-1 -1
-1 -1
375 169
-1 -1
377 179
-1 -1
377 182
-1 -1
378 180
1054 253
378 173
-1 -1
-1 -1
378 164
-1 -1
-1 -1
-1 -1
-1 -1
378 155
-1 -1
-1 -1
-1 -1
378 152
-1 -1
-1 -1
-1 -1
-1 -1
378 154
-1 -1
-1 -1
-1 -1
-1 -1
378 156
-1 -1
-1 -1
-1 -1
378 162
-1 -1
-1 -1
-1 -1
-1 -1
378 165
-1 -1
-1 -1
378 162
-1 -1
-1 -1
378 165
-1 -1
-1 -1
-1 -1
378 166
-1 -1
-1 -1
-1 -1
378 167
-1 -1
-1 -1
-1 -1
378 167
-1 -1
-1 -1
-1 -1
378 167
-1 -1
-1 -1
-1 -1
-1 -1
-1 -1
378 163
-1 -1
-1 -1
-1 -1
-1 -1
-1 -1
378 161
-1 -1
-1 -1
-1 -1
378 155
-1 -1
-1 -1
384 156
-1 -1
386 157
-1 -1
-1 -1
-1 -1
382 158
-1 -1
-1 -1
385 163
-1 -1
-1 -1
-1 -1
386 162
-1 -1
-1 -1
387 161
-1 -1
388 160
382 160
-1 -1
385 164
-1 -1
386 172
-1 -1
382 180
-1 -1
-1 -1
380 190
-1 -1
374 198
-1 -1
376 196
-1 -1
377 199
-1 -1
373 197
-1 -1
375 190
-1 -1
376 192
-1 -1
377 197
-1 -1
378 200
-1 -1
-1 -1
-1 -1
378 200
-1 -1
378 201
-1 -1
-1 -1
-1 -1
378 201
-1 -1
-1 -1
-1 -1
378 197
-1 -1
-1 -1
-1 -1
378 196
-1 -1
-1 -1
383 189
-1 -1
-1 -1
-1 -1
391 186
-1 -1
-1 -1
390 189
-1 -1
-1 -1
-1 -1
389 191
-1 -1
-1 -1
-1 -1
-1 -1
388 192
-1 -1
-1 -1
-1 -1
388 197
-1 -1
-1 -1
-1 -1
388 199
-1 -1
-1 -1
-1 -1
388 200
-1 -1
-1 -1
-1 -1
-1 -1
388 197
-1 -1
-1 -1
-1 -1
-1 -1
388 196
-1 -1
-1 -1
-1 -1
388 198
-1 -1
-1 -1
-1 -1
383 200
-1 -1
-1 -1
381 200
-1 -1
-1 -1
380 201
-1 -1
-1 -1
379 201
-1 -1
-1 -1
390 201
-1 -1
393 201
-1 -1
394 201
-1 -1
395 201
-1 -1
395 201
-1 -1
395 201
-1 -1
-1 -1
395 201
-1 -1
395 201
-1 -1
395 201
-1 -1
391 197
-1 -1
399 199
-1 -1
408 200
-1 -1
-1 -1
-1 -1
411 200
-1 -1
-1 -1
-1 -1
424 197
-1 -1
421 199
-1 -1
421 196
-1 -1
-1 -1
-1 -1
-1 -1
-1 -1
421 198
-1 -1
-1 -1
-1 -1
-1 -1
426 196
-1 -1
-1 -1
-1 -1
428 182
-1 -1
-1 -1
-1 -1
429 187
-1 -1
-1 -1
-1 -1
429 195
-1 -1
-1 -1
-1 -1
425 198
-1 -1
-1 -1
-1 -1
411 196
-1 -1
-1 -1
-1 -1
412 195
-1 -1
-1 -1
407 198
-1 -1
-1 -1
406 200
-1 -1
-1 -1
-1 -1
405 197
-1 -1
-1 -1
-1 -1
-1 -1
-1 -1
408 199
-1 -1
-1 -1
410 190
-1 -1
-1 -1
416 187
-1 -1
425 189
-1 -1
428 191
-1 -1
425 197
-1 -1
428 199
-1 -1
434 200
-1 -1
432 201
-1 -1
426 206
-1 -1
418 199
-1 -1
-1 -1
415 196
-1 -1
-1 -1
-1 -1
417 199
-1 -1
-1 -1
421 202
424 205
-1 -1
-1 -1
426 206
427 207
-1 -1
433 214
-1 -1
438 219
432 217
-1 -1
431 208
-1 -1
-1 -1
425 205
-1 -1
-1 -1
423 203
-1 -1
-1 -1
422 202
-1 -1
-1 -1
-1 -1
-1 -1
416 197
-1 -1
-1 -1
-1 -1
-1 -1
-1 -1
418 195
-1 -1
-1 -1
-1 -1
415 198
-1 -1
-1 -1
-1 -1
417 199
-1 -1
-1 -1
-1 -1
415 196
-1 -1
-1 -1
-1 -1
417 198
-1 -1
-1 -1
415 190
-1 -1
-1 -1
-1 -1
417 191
-1 -1
-1 -1
415 181
-1 -1
-1 -1
-1 -1
414 171
-1 -1
-1 -1
413 174
1476 531
-1 -1
413 170
-1 -1
-1 -1
-1 -1
-1 -1
413 169
-1 -1
-1 -1
-1 -1
-1 -1
413 178
-1 -1
-1 -1
417 188
-1 -1
410 183
-1 -1
-1 -1
400 173
-1 -1
-1 -1
402 174
-1 -1
-1 -1
506 227
403 175
-1 -1
403 175
-1 -1
-1 -1
404 180
-1 -1
404 179
-1 -1
404 178
-1 -1
404 177
-1 -1
399 177
-1 -1
-1 -1
397 172
-1 -1
397 170
-1 -1
-1 -1
396 169
-1 -1
400 168
-1 -1
408 172
-1 -1
407 170
-1 -1
406 173
-1 -1
406 175
-1 -1
-1 -1
415 188
-1 -1
-1 -1
-1 -1
410 183
-1 -1
408 181
-1 -1
-1 -1
-1 -1
401 179
-1 -1
-1 -1
-1 -1
-1 -1
398 172
-1 -1
-1 -1
-1 -1
401 170
-1 -1
-1 -1
414 194
-1 -1
-1 -1
-1 -1
403 177
-1 -1
-1 -1
399 177
-1 -1
-1 -1
397 181
-1 -1
-1 -1
-1 -1
-1 -1
-1 -1
396 173
-1 -1
396 187
-1 -1
-1 -1
-1 -1
396 186
-1 -1
-1 -1
-1 -1
396 190
-1 -1
-1 -1
-1 -1
-1 -1
400 198
-1 -1
-1 -1
-1 -1
-1 -1
398 200
-1 -1
-1 -1
-1 -1
-1 -1
401 201
-1 -1
-1 -1
-1 -1
403 201
-1 -1
-1 -1
399 201
-1 -1
398 198
-1 -1
401 199
-1 -1
-1 -1
398 205
-1 -1
506 236
397 204
-1 -1
397 207
-1 -1
396 191
-1 -1
396 192
-1 -1
396 188
-1 -1
-1 -1
401 186
-1 -1
-1 -1
402 185
-1 -1
403 180
-1 -1
404 178
-1 -1
-1 -1
400 180
-1 -1
-1 -1
398 182
-1 -1
-1 -1
392 189
-1 -1
-1 -1
393 191
1113 270
-1 -1
-1 -1
394 192
1113 270
-1 -1
-1 -1
394 198
-1 -1
-1 -1
395 200
-1 -1
-1 -1
395 201
-1 -1
-1 -1
391 201
-1 -1
-1 -1
-1 -1
393 197
-1 -1
-1 -1
394 199
-1 -1
-1 -1
391 197
-1 -1
-1 -1
-1 -1
389 199
-1 -1
-1 -1
-1 -1
-1 -1
388 200
-1 -1
-1 -1
-1 -1
388 201
-1 -1
-1 -1
-1 -1
388 201
-1 -1
-1 -1
-1 -1
-1 -1
388 201
-1 -1
-1 -1
-1 -1
-1 -1
388 201
-1 -1
-1 -1
-1 -1
388 201
-1 -1
-1 -1
-1 -1
-1 -1
388 201
-1 -1
-1 -1
388 201
-1 -1
-1 -1
388 206
-1 -1
-1 -1
388 204
-1 -1
-1 -1
-1 -1
388 203
-1 -1
382 203
-1 -1
380 202
-1 -1
380 206
-1 -1
379 204
-1 -1
-1 -1
379 203
-1 -1
383 203
-1 -1
385 206
-1 -1
386 204
-1 -1
387 203
-1 -1
387 206
-1 -1
-1 -1
387 208
-1 -1
-1 -1
392 209
-1 -1
394 209
-1 -1
391 209
-1 -1
-1 -1
-1 -1
390 209
-1 -1
-1 -1
-1 -1
389 209
-1 -1
-1 -1
388 209
-1 -1
-1 -1
388 209
-1 -1
-1 -1
-1 -1
388 209
-1 -1
-1 -1
-1 -1
388 209
-1 -1
-1 -1
388 209
-1 -1
-1 -1
383 205
-1 -1
-1 -1
380 203
-1 -1
-1 -1
384 203
-1 -1
-1 -1
-1 -1
381 206
-1 -1
-1 -1
384 207
-1 -1
-1 -1
386 208
-1 -1
-1 -1
-1 -1
386 205
-1 -1
-1 -1
-1 -1
-1 -1
387 203
-1 -1
-1 -1
-1 -1
-1 -1
387 206
-1 -1
387 214
-1 -1
-1 -1
387 212
-1 -1
-1 -1
387 216
-1 -1
-1 -1
382 213
-1 -1
385 216
-1 -1
-1 -1
386 213
-1 -1
382 212
-1 -1
384 211
-1 -1
386 210
-1 -1
386 210
-1 -1
-1 -1
387 210
-1 -1
-1 -1
387 210
-1 -1
392 215
-1 -1
390 213
-1 -1
389 211
-1 -1
389 211
-1 -1
-1 -1
388 210
-1 -1
-1 -1
388 210
-1 -1
-1 -1
-1 -1
388 210
-1 -1
-1 -1
-1 -1
388 205
-1 -1
-1 -1
-1 -1
-1 -1
388 198
-1 -1
-1 -1
-1 -1
388 195
-1 -1
-1 -1
392 203
-1 -1
-1 -1
394 206
-1 -1
-1 -1
-1 -1
391 208
-1 -1
390 209
-1 -1
-1 -1
389 209
-1 -1
-1 -1
388 209
-1 -1
-1 -1
-1 -1
392 215
-1 -1
-1 -1
390 207
-1 -1
-1 -1
389 204
-1 -1
-1 -1
392 203
-1 -1
-1 -1
-1 -1
394 202
-1 -1
-1 -1
-1 -1
-1 -1
395 206
-1 -1
-1 -1
395 207
1290 354
395 205
-1 -1
-1 -1
395 207
-1 -1
-1 -1
-1 -1
395 208
-1 -1
391 209
-1 -1
389 205
-1 -1
389 203
-1 -1
388 206
-1 -1
388 204
-1 -1
-1 -1
388 207
-1 -1
-1 -1
388 208
-1 -1
388 208
-1 -1
388 205
-1 -1
388 203
-1 -1
388 203
-1 -1
388 202
-1 -1
388 202
-1 -1
-1 -1
-1 -1
388 197
-1 -1
388 195
-1 -1
-1 -1
388 195
-1 -1
-1 -1
392 194
-1 -1
394 194
-1 -1
394 194
-1 -1
-1 -1
395 198
-1 -1
395 199
-1 -1
-1 -1
-1 -1
401 213
-1 -1
-1 -1
393 208
-1 -1
-1 -1
394 209
-1 -1
-1 -1
-1 -1
394 206
-1 -1
-1 -1
-1 -1
395 199
-1 -1
-1 -1
395 200
1442 540
-1 -1
395 200
-1 -1
-1 -1
-1 -1
-1 -1
395 201
-1 -1
-1 -1
-1 -1
395 201
-1 -1
-1 -1
-1 -1
-1 -1
391 201
-1 -1
-1 -1
-1 -1
389 201
-1 -1
-1 -1
-1 -1
389 201
-1 -1
-1 -1
388 206
-1 -1
-1 -1
-1 -1
388 208
-1 -1
-1 -1
388 208
-1 -1
388 209
-1 -1
-1 -1
388 205
-1 -1
388 204
-1 -1
388 206
-1 -1
388 214
-1 -1
388 216
-1 -1
388 217
-1 -1
-1 -1
388 218
-1 -1
-1 -1
388 218
-1 -1
388 218
-1 -1
399 223
-1 -1
-1 -1
405 227
402 225
-1 -1
409 226
-1 -1
417 226
-1 -1
-1 -1
419 226
-1 -1
-1 -1
412 215
-1 -1
-1 -1
-1 -1
409 206
-1 -1
-1 -1
401 190
-1 -1
-1 -1
-1 -1
398 186
-1 -1
-1 -1
-1 -1
391 199
-1 -1
-1 -1
-1 -1
-1 -1
389 200
-1 -1
-1 -1
-1 -1
-1 -1
388 201
-1 -1
-1 -1
-1 -1
388 201
-1 -1
-1 -1
-1 -1
388 201
-1 -1
-1 -1
391 201
1476 531
-1 -1
-1 -1
390 201
-1 -1
-1 -1
-1 -1
-1 -1
383 190
-1 -1
-1 -1
-1 -1
-1 -1
381 187
-1 -1
383 195
-1 -1
-1 -1
385 198
-1 -1
-1 -1
386 205
-1 -1
-1 -1
386 199
-1 -1
387 200
-1 -1
382 197
-1 -1
-1 -1
380 189
-1 -1
380 190
-1 -1
383 196
-1 -1
381 199
-1 -1
380 200
-1 -1
-1 -1
384 213
-1 -1
-1 -1
386 211
-1 -1
-1 -1
386 216
-1 -1
-1 -1
387 217
-1 -1
387 214
-1 -1
387 216
-1 -1
387 213
-1 -1
387 222
-1 -1
-1 -1
387 224
-1 -1
-1 -1
387 222
-1 -1
-1 -1
387 221
-1 -1
-1 -1
392 231
-1 -1
-1 -1
-1 -1
-1 -1
390 225
-1 -1
-1 -1
-1 -1
389 222
-1 -1
-1 -1
389 215
-1 -1
388 212
-1 -1
388 205
-1 -1
-1 -1
-1 -1
383 190
-1 -1
-1 -1
-1 -1
379 185
385 192
-1 -1
381 173
-1 -1
-1 -1
380 175
-1 -1
-1 -1
-1 -1
379 185
-1 -1
-1 -1
-1 -1
379 189
-1 -1
-1 -1
-1 -1
379 191
-1 -1
-1 -1
-1 -1
-1 -1
379 192
-1 -1
-1 -1
-1 -1
-1 -1
379 192
-1 -1
-1 -1
379 193
-1 -1
-1 -1
-1 -1
-1 -1
379 193
-1 -1
-1 -1
-1 -1
-1 -1
379 193
-1 -1
-1 -1
-1 -1
379 193
-1 -1
-1 -1
379 198
-1 -1
-1 -1
379 196
-1 -1
-1 -1
-1 -1
379 195
-1 -1
379 195
-1 -1
379 189
-1 -1
379 191
-1 -1
384 203
-1 -1
-1 -1
391 229
-1 -1
-1 -1
390 215
-1 -1
-1 -1
384 193
-1 -1
381 193
-1 -1
-1 -1
379 194
380 193
-1 -1
-1 -1
379 194
379 197
-1 -1
379 199
-1 -1
-1 -1
-1 -1
379 196
-1 -1
379 204
-1 -1
384 207
-1 -1
-1 -1
-1 -1
385 214
-1 -1
-1 -1
382 208
-1 -1
-1 -1
-1 -1
381 205
-1 -1
-1 -1
-1 -1
-1 -1
384 204
-1 -1
-1 -1
386 206
-1 -1
-1 -1
-1 -1
386 208
-1 -1
-1 -1
387 208
-1 -1
-1 -1
382 205
-1 -1
381 203
-1 -1
-1 -1
380 206
-1 -1
-1 -1
-1 -1
379 208
-1 -1
-1 -1
-1 -1
379 205
-1 -1
-1 -1
379 198
-1 -1
-1 -1
-1 -1
379 189
-1 -1
-1 -1
-1 -1
-1 -1
379 185
379 195
-1 -1
-1 -1
-1 -1
-1 -1
379 204
-1 -1
-1 -1
-1 -1
-1 -1
379 207
-1 -1
383 208
-1 -1
-1 -1
385 209
-1 -1
382 205
-1 -1
381 204
-1 -1
380 198
-1 -1
379 196
-1 -1
379 204
-1 -1
384 213
-1 -1
-1 -1
386 212
-1 -1
-1 -1
386 211
-1 -1
-1 -1
382 206
-1 -1
-1 -1
-1 -1
381 204
-1 -1
-1 -1
384 203
-1 -1
381 206
-1 -1
380 204
-1 -1
379 202
380 198
-1 -1
-1 -1
379 199
-1 -1
-1 -1
-1 -1
379 200
-1 -1
-1 -1
379 200
-1 -1
-1 -1
-1 -1
379 201
-1 -1
379 201
-1 -1
-1 -1
379 201
1231 379
-1 -1
1231 379
-1 -1
379 206
-1 -1
-1 -1
-1 -1
379 208
-1 -1
-1 -1
-1 -1
384 214
-1 -1
-1 -1
386 217
-1 -1
-1 -1
386 214
-1 -1
-1 -1
387 216
-1 -1
-1 -1
387 217
-1 -1
387 218
-1 -1
-1 -1
-1 -1
387 214
-1 -1
-1 -1
-1 -1
-1 -1
387 212
-1 -1
-1 -1
-1 -1
387 211
-1 -1
-1 -1
-1 -1
387 215
-1 -1
-1 -1
-1 -1
-1 -1
387 216
-1 -1
-1 -1
-1 -1
-1 -1
387 207
-1 -1
-1 -1
383 204
-1 -1
-1 -1
-1 -1
-1 -1
381 203
-1 -1
-1 -1
-1 -1
-1 -1
379 202
380 202
-1 -1
379 202
-1 -1
379 202
-1 -1
-1 -1
379 202
-1 -1
379 206
-1 -1
-1 -1
379 204
-1 -1
379 198
-1 -1
379 196
-1 -1
379 198
-1 -1
-1 -1
379 199
-1 -1
-1 -1
379 200
-1 -1
398 228
-1 -1
-1 -1
379 185
387 221
-1 -1
387 220
-1 -1
