345 447
1172 388
-1 -1
-1 -1
-1 -1
345 447
1130 388
-1 -1
345 447
1123 388
-1 -1
345 447
-1 -1
1071 396
-1 -1
-1 -1
345 447
1080 396
-1 -1
345 447
-1 -1
-1 -1
345 447
-1 -1
-1 -1
345 451
961 421
-1 -1
340 453
-1 -1
-1 -1
338 453
-1 -1
-1 -1
338 454
-1 -1
-1 -1
-1 -1
337 454
-1 -1
-1 -1
-1 -1
337 454
-1 -1
337 454
-1 -1
-1 -1
337 454
784 413
-1 -1
337 454
-1 -1
332 454
-1 -1
330 454
-1 -1
330 454
-1 -1
329 454
-1 -1
-1 -1
329 454
-1 -1
-1 -1
329 460
759 320
-1 -1
-1 -1
-1 -1
329 458
793 320
-1 -1
329 456
818 315
-1 -1
329 456
877 317
329 455
-1 -1
329 455
970 320
329 455
1028 320
329 455
1096 345
-1 -1
-1 -1
-1 -1
329 455
-1 -1
-1 -1
333 455
1198 379
-1 -1
-1 -1
335 455
-1 -1
-1 -1
335 455
-1 -1
-1 -1
336 455
-1 -1
336 455
-1 -1
-1 -1
-1 -1
336 455
-1 -1
336 455
-1 -1
-1 -1
-1 -1
336 455
-1 -1
1215 421
-1 -1
336 455
-1 -1
1164 396
-1 -1
-1 -1
336 455
1122 388
-1 -1
336 455
-1 -1
1063 362
-1 -1
-1 -1
336 455
-1 -1
-1 -1
-1 -1
-1 -1
332 455
-1 -1
-1 -1
330 455
953 489
-1 -1
330 460
-1 -1
-1 -1
329 462
-1 -1
-1 -1
329 462
-1 -1
-1 -1
329 459
-1 -1
-1 -1
329 457
-1 -1
329 456
-1 -1
329 455
-1 -1
329 460
-1 -1
329 461
-1 -1
-1 -1
329 458
-1 -1
329 457
-1 -1
329 456
725 371
-1 -1
-1 -1
329 455
-1 -1
-1 -1
-1 -1
329 455
793 312
329 455
818 306
329 455
869 329
-1 -1
329 455
-1 -1
-1 -1
329 455
995 320
-1 -1
-1 -1
329 455
1054 329
-1 -1
-1 -1
-1 -1
-1 -1
329 455
1122 354
-1 -1
329 455
1180 372
-1 -1
-1 -1
329 455
-1 -1
-1 -1
329 455
-1 -1
-1 -1
-1 -1
329 455
-1 -1
-1 -1
-1 -1
329 455
-1 -1
-1 -1
-1 -1
329 455
-1 -1
329 455
-1 -1
1299 413
-1 -1
-1 -1
329 455
-1 -1
1248 413
-1 -1
329 455
1181 405
-1 -1
-1 -1
329 455
-1 -1
1122 396
-1 -1
329 455
1054 396
-1 -1
-1 -1
-1 -1
329 450
-1 -1
1020 405
-1 -1
-1 -1
329 448
-1 -1
-1 -1
329 448
-1 -1
-1 -1
329 447
-1 -1
329 451
-1 -1
-1 -1
329 452
-1 -1
329 453
818 379
329 454
-1 -1
323 454
-1 -1
321 454
-1 -1
325 454
-1 -1
-1 -1
322 459
-1 -1
321 458
-1 -1
320 456
-1 -1
-1 -1
320 456
-1 -1
320 455
759 354
320 455
-1 -1
-1 -1
320 455
-1 -1
320 455
-1 -1
-1 -1
320 460
-1 -1
-1 -1
320 462
-1 -1
961 320
320 462
1012 329
320 463
1080 345
-1 -1
-1 -1
-1 -1
320 463
-1 -1
-1 -1
320 463
1189 388
-1 -1
320 463
-1 -1
-1 -1
320 463
-1 -1
320 463
-1 -1
-1 -1
320 463
-1 -1
-1 -1
-1 -1
320 463
1290 413
-1 -1
-1 -1
-1 -1
320 463
1231 388
-1 -1
-1 -1
-1 -1
320 463
1181 396
-1 -1
-1 -1
-1 -1
-1 -1
320 463
-1 -1
1130 396
-1 -1
320 463
1088 388
-1 -1
320 463
-1 -1
1046 413
-1 -1
320 463
987 396
-1 -1
-1 -1
-1 -1
320 463
970 489
-1 -1
320 463
-1 -1
-1 -1
320 463
-1 -1
320 463
-1 -1
-1 -1
320 463
-1 -1
315 463
-1 -1
313 463
-1 -1
313 463
-1 -1
-1 -1
312 463
-1 -1
-1 -1
312 463
-1 -1
-1 -1
312 463
-1 -1
312 468
-1 -1
312 470
-1 -1
-1 -1
312 470
-1 -1
312 471
810 303
312 471
-1 -1
312 471
-1 -1
-1 -1
312 471
-1 -1
312 471
1004 345
316 471
1029 340
318 471
1080 355
-1 -1
-1 -1
315 471
1130 388
-1 -1
-1 -1
317 471
-1 -1
-1 -1
315 467
-1 -1
-1 -1
317 469
-1 -1
1231 413
-1 -1
314 466
-1 -1
313 465
1215 405
-1 -1
-1 -1
316 468
-1 -1
-1 -1
318 469
-1 -1
1130 438
318 470
-1 -1
1096 430
-1 -1
319 471
-1 -1
1054 421
-1 -1
-1 -1
315 467
-1 -1
313 465
-1 -1
-1 -1
-1 -1
313 465
-1 -1
316 468
-1 -1
-1 -1
-1 -1
314 470
-1 -1
-1 -1
-1 -1
313 470
-1 -1
-1 -1
312 471
-1 -1
312 471
-1 -1
312 471
-1 -1
312 471
-1 -1
312 471
-1 -1
-1 -1
307 467
-1 -1
304 465
-1 -1
304 465
-1 -1
298 464
717 354
296 464
-1 -1
750 379
295 468
-1 -1
295 469
-1 -1
295 470
-1 -1
295 471
-1 -1
-1 -1
295 467
978 354
-1 -1
295 469
1028 380
-1 -1
295 466
1082 392
-1 -1
295 465
1149 394
-1 -1
-1 -1
-1 -1
299 468
-1 -1
-1 -1
301 470
-1 -1
-1 -1
-1 -1
301 470
-1 -1
-1 -1
302 471
-1 -1
-1 -1
302 471
1223 405
-1 -1
-1 -1
302 467
1172 393
-1 -1
-1 -1
-1 -1
302 465
-1 -1
1113 396
-1 -1
302 465
-1 -1
1113 396
-1 -1
302 464
1004 396
-1 -1
302 464
-1 -1
302 468
-1 -1
302 470
-1 -1
302 467
-1 -1
-1 -1
302 465
-1 -1
-1 -1
302 468
810 354
302 470
-1 -1
-1 -1
298 467
-1 -1
-1 -1
296 465
-1 -1
-1 -1
296 468
-1 -1
295 470
-1 -1
-1 -1
295 470
-1 -1
295 471
-1 -1
295 471
-1 -1
295 471
725 337
-1 -1
295 467
743 325
295 469
-1 -1
295 470
826 337
295 470
-1 -1
295 471
-1 -1
-1 -1
295 471
953 337
295 467
1011 348
-1 -1
295 465
-1 -1
1063 379
-1 -1
-1 -1
295 465
1113 396
299 464
1147 401
-1 -1
301 464
1189 413
-1 -1
-1 -1
-1 -1
301 464
1189 413
-1 -1
-1 -1
-1 -1
302 464
1198 405
-1 -1
-1 -1
302 468
1178 393
-1 -1
302 466
1136 394
302 469
1131 395
302 466
-1 -1
1054 396
-1 -1
302 465
-1 -1
1012 405
-1 -1
302 468
-1 -1
-1 -1
302 470
-1 -1
-1 -1
-1 -1
302 467
-1 -1
-1 -1
302 469
-1 -1
-1 -1
302 470
-1 -1
-1 -1
302 471
-1 -1
302 471
-1 -1
302 471
-1 -1
302 471
-1 -1
302 467
-1 -1
302 465
-1 -1
298 465
-1 -1
296 464
-1 -1
296 464
-1 -1
295 464
-1 -1
295 464
-1 -1
-1 -1
295 464
-1 -1
717 320
295 468
-1 -1
295 466
-1 -1
295 469
-1 -1
295 466
894 345
295 465
905 345
-1 -1
295 465
-1 -1
987 320
-1 -1
-1 -1
295 464
-1 -1
1054 329
-1 -1
299 464
1096 362
-1 -1
-1 -1
-1 -1
301 464
1147 379
-1 -1
-1 -1
-1 -1
301 464
1189 390
-1 -1
-1 -1
302 464
-1 -1
-1 -1
-1 -1
-1 -1
298 464
-1 -1
-1 -1
300 464
-1 -1
-1 -1
301 464
-1 -1
-1 -1
-1 -1
302 464
-1 -1
-1 -1
-1 -1
298 464
-1 -1
-1 -1
-1 -1
296 464
-1 -1
1122 396
-1 -1
296 464
1071 405
-1 -1
-1 -1
-1 -1
-1 -1
295 464
-1 -1
1029 396
-1 -1
-1 -1
-1 -1
299 464
-1 -1
995 388
-1 -1
297 464
-1 -1
-1 -1
296 464
-1 -1
295 464
-1 -1
-1 -1
-1 -1
295 468
-1 -1
-1 -1
295 470
-1 -1
-1 -1
-1 -1
295 470
793 320
-1 -1
295 471
-1 -1
-1 -1
295 471
-1 -1
295 471
-1 -1
295 471
-1 -1
295 471
-1 -1
-1 -1
290 471
-1 -1
287 471
-1 -1
287 467
-1 -1
286 469
-1 -1
286 470
-1 -1
286 470
-1 -1
286 471
-1 -1
286 471
-1 -1
286 471
-1 -1
-1 -1
-1 -1
286 467
953 329
286 465
-1 -1
1020 329
-1 -1
286 465
-1 -1
-1 -1
-1 -1
290 464
1113 379
-1 -1
-1 -1
292 468
1132 405
-1 -1
293 466
-1 -1
-1 -1
-1 -1
294 465
-1 -1
-1 -1
294 464
-1 -1
-1 -1
-1 -1
294 464
-1 -1
-1 -1
-1 -1
-1 -1
294 464
-1 -1
953 455
-1 -1
294 464
1189 388
961 480
-1 -1
294 464
-1 -1
1130 405
961 480
294 464
1088 405
-1 -1
-1 -1
-1 -1
299 464
-1 -1
1054 413
-1 -1
-1 -1
301 464
995 388
-1 -1
-1 -1
301 464
953 413
-1 -1
-1 -1
302 464
-1 -1
-1 -1
302 464
-1 -1
-1 -1
302 464
-1 -1
-1 -1
298 464
-1 -1
-1 -1
296 464
-1 -1
296 468
-1 -1
295 470
-1 -1
295 470
-1 -1
295 471
-1 -1
295 471
-1 -1
-1 -1
295 471
-1 -1
295 471
-1 -1
295 471
734 320
295 471
-1 -1
295 471
-1 -1
295 471
-1 -1
-1 -1
-1 -1
299 471
-1 -1
-1 -1
-1 -1
297 471
953 329
296 467
1003 333
296 465
1063 362
-1 -1
-1 -1
-1 -1
-1 -1
299 465
-1 -1
1122 388
-1 -1
-1 -1
301 464
-1 -1
-1 -1
-1 -1
301 464
-1 -1
-1 -1
-1 -1
298 464
-1 -1
-1 -1
-1 -1
297 464
-1 -1
-1 -1
-1 -1
299 464
1248 421
-1 -1
-1 -1
301 464
-1 -1
-1 -1
-1 -1
301 464
1155 379
-1 -1
302 464
1129 384
-1 -1
302 464
1078 391
-1 -1
-1 -1
298 464
-1 -1
1029 388
-1 -1
-1 -1
-1 -1
300 464
-1 -1
978 405
301 464
-1 -1
-1 -1
301 464
-1 -1
302 464
-1 -1
298 464
-1 -1
296 468
-1 -1
296 470
-1 -1
295 470
-1 -1
295 471
-1 -1
295 471
-1 -1
295 471
-1 -1
-1 -1
299 476
-1 -1
-1 -1
-1 -1
297 474
-1 -1
-1 -1
-1 -1
296 473
-1 -1
-1 -1
-1 -1
296 473
-1 -1
299 476
-1 -1
-1 -1
297 474
-1 -1
296 473
-1 -1
-1 -1
296 473
-1 -1
-1 -1
295 476
-1 -1
-1 -1
295 478
936 312
-1 -1
-1 -1
-1 -1
295 475
995 320
-1 -1
-1 -1
-1 -1
-1 -1
295 473
1054 337
-1 -1
-1 -1
295 473
-1 -1
1105 345
-1 -1
299 472
-1 -1
-1 -1
-1 -1
301 476
-1 -1
-1 -1
-1 -1
301 474
-1 -1
-1 -1
302 473
-1 -1
-1 -1
-1 -1
302 473
1282 413
-1 -1
302 472
1274 413
-1 -1
-1 -1
302 472
-1 -1
-1 -1
302 472
1172 388
-1 -1
302 472
-1 -1
1122 388
-1 -1
-1 -1
302 472
-1 -1
1080 405
-1 -1
-1 -1
302 472
-1 -1
-1 -1
302 472
-1 -1
302 472
-1 -1
-1 -1
302 472
-1 -1
-1 -1
302 472
-1 -1
-1 -1
-1 -1
302 472
-1 -1
302 472
-1 -1
-1 -1
302 472
-1 -1
298 472
-1 -1
300 472
-1 -1
297 472
-1 -1
299 472
-1 -1
-1 -1
301 472
-1 -1
301 472
-1 -1
-1 -1
302 472
-1 -1
302 472
-1 -1
298 472
-1 -1
296 472
-1 -1
296 472
-1 -1
299 472
-1 -1
-1 -1
300 472
-1 -1
945 329
-1 -1
301 472
995 329
302 472
1045 347
-1 -1
-1 -1
302 472
1096 371
-1 -1
-1 -1
-1 -1
302 472
-1 -1
-1 -1
-1 -1
302 467
-1 -1
-1 -1
302 465
-1 -1
-1 -1
-1 -1
302 465
-1 -1
-1 -1
302 464
-1 -1
-1 -1
302 464
-1 -1
1223 405
-1 -1
-1 -1
-1 -1
302 464
1189 388
302 464
1162 388
-1 -1
-1 -1
302 464
-1 -1
1105 396
-1 -1
302 464
-1 -1
1054 388
-1 -1
-1 -1
302 464
-1 -1
1020 405
-1 -1
-1 -1
302 464
-1 -1
1020 409
-1 -1
-1 -1
302 464
-1 -1
-1 -1
-1 -1
302 464
-1 -1
-1 -1
302 464
-1 -1
302 464
-1 -1
302 468
-1 -1
-1 -1
302 470
-1 -1
-1 -1
302 470
-1 -1
302 471
-1 -1
302 471
-1 -1
302 471
-1 -1
302 471
-1 -1
-1 -1
302 471
-1 -1
-1 -1
298 471
-1 -1
296 471
-1 -1
296 471
-1 -1
-1 -1
295 471
-1 -1
-1 -1
295 471
-1 -1
-1 -1
295 471
-1 -1
-1 -1
299 471
945 320
-1 -1
-1 -1
301 471
945 320
-1 -1
-1 -1
301 471
1044 346
-1 -1
302 471
1052 351
-1 -1
302 471
1148 373
-1 -1
302 471
1194 392
-1 -1
-1 -1
302 467
-1 -1
-1 -1
302 465
-1 -1
-1 -1
302 468
-1 -1
-1 -1
-1 -1
302 466
-1 -1
-1 -1
-1 -1
-1 -1
302 468
-1 -1
-1 -1
-1 -1
302 470
-1 -1
1164 396
-1 -1
302 470
-1 -1
1122 405
-1 -1
-1 -1
302 467
-1 -1
1122 405
-1 -1
-1 -1
302 465
-1 -1
1046 413
-1 -1
302 468
995 405
-1 -1
-1 -1
-1 -1
302 470
-1 -1
-1 -1
302 470
-1 -1
-1 -1
302 471
-1 -1
-1 -1
302 471
-1 -1
-1 -1
-1 -1
302 471
-1 -1
302 471
-1 -1
302 471
-1 -1
302 471
-1 -1
298 467
-1 -1
-1 -1
296 465
-1 -1
299 468
-1 -1
300 475
-1 -1
301 477
-1 -1
302 478
-1 -1
302 479
-1 -1
-1 -1
302 479
-1 -1
-1 -1
302 479
-1 -1
302 479
-1 -1
298 475
-1 -1
-1 -1
-1 -1
296 474
-1 -1
-1 -1
-1 -1
296 473
995 345
-1 -1
295 472
995 345
-1 -1
295 472
-1 -1
-1 -1
-1 -1
299 472
-1 -1
-1 -1
-1 -1
300 476
-1 -1
-1 -1
301 478
-1 -1
-1 -1
302 478
-1 -1
-1 -1
302 479
-1 -1
-1 -1
302 479
-1 -1
-1 -1
-1 -1
308 479
-1 -1
-1 -1
306 475
1155 379
-1 -1
304 477
1120 384
-1 -1
-1 -1
304 478
-1 -1
1063 396
-1 -1
-1 -1
303 478
-1 -1
1063 396
-1 -1
-1 -1
308 479
-1 -1
306 479
-1 -1
-1 -1
304 479
-1 -1
-1 -1
304 479
-1 -1
-1 -1
303 475
-1 -1
303 473
-1 -1
-1 -1
303 473
-1 -1
303 472
-1 -1
303 476
-1 -1
303 474
-1 -1
303 473
-1 -1
-1 -1
303 472
-1 -1
-1 -1
303 472
-1 -1
303 472
-1 -1
303 472
-1 -1
303 472
-1 -1
303 472
-1 -1
-1 -1
303 472
-1 -1
-1 -1
303 472
-1 -1
-1 -1
-1 -1
303 472
-1 -1
-1 -1
-1 -1
298 472
987 312
-1 -1
-1 -1
-1 -1
296 472
1046 337
-1 -1
-1 -1
299 472
-1 -1
-1 -1
300 472
1155 354
-1 -1
301 472
-1 -1
-1 -1
-1 -1
298 467
-1 -1
300 465
-1 -1
-1 -1
297 465
-1 -1
-1 -1
300 468
-1 -1
-1 -1
-1 -1
301 469
-1 -1
-1 -1
301 470
1189 388
-1 -1
302 471
1189 388
-1 -1
302 471
-1 -1
1096 396
-1 -1
302 471
1054 396
-1 -1
-1 -1
-1 -1
302 471
-1 -1
1020 388
302 471
970 413
302 471
964 487
-1 -1
302 471
-1 -1
-1 -1
-1 -1
302 471
-1 -1
302 471
-1 -1
302 471
-1 -1
302 471
-1 -1
302 471
-1 -1
302 471
-1 -1
-1 -1
298 471
-1 -1
-1 -1
296 471
-1 -1
296 471
-1 -1
295 471
-1 -1
295 471
-1 -1
295 467
-1 -1
295 465
-1 -1
295 468
-1 -1
-1 -1
-1 -1
295 469
-1 -1
295 470
885 329
-1 -1
295 471
-1 -1
-1 -1
295 467
995 354
299 469
1045 358
301 470
1106 381
-1 -1
301 475
1159 386
302 474
-1 -1
-1 -1
-1 -1
302 473
-1 -1
-1 -1
302 473
-1 -1
-1 -1
302 472
-1 -1
1290 413
-1 -1
298 468
-1 -1
-1 -1
-1 -1
296 466
-1 -1
-1 -1
296 465
1139 413
-1 -1
295 464
-1 -1
1088 421
-1 -1
-1 -1
295 464
-1 -1
1046 447
-1 -1
295 464
-1 -1
995 430
-1 -1
-1 -1
295 468
-1 -1
-1 -1
-1 -1
295 470
-1 -1
-1 -1
-1 -1
295 470
-1 -1
-1 -1
295 471
-1 -1
-1 -1
-1 -1
295 471
-1 -1
-1 -1
295 471
-1 -1
295 471
-1 -1
-1 -1
295 471
-1 -1
295 471
-1 -1
295 471
-1 -1
295 471
-1 -1
295 471
-1 -1
295 467
-1 -1
-1 -1
295 465
-1 -1
-1 -1
295 468
-1 -1
295 469
-1 -1
295 470
-1 -1
759 320
-1 -1
295 471
-1 -1
295 471
-1 -1
295 471
-1 -1
-1 -1
295 471
-1 -1
-1 -1
295 471
-1 -1
-1 -1
-1 -1
295 471
1020 345
-1 -1
295 471
-1 -1
1071 354
-1 -1
299 471
-1 -1
1071 354
-1 -1
297 471
-1 -1
1155 405
-1 -1
-1 -1
296 467
1198 396
-1 -1
-1 -1
-1 -1
296 465
-1 -1
-1 -1
-1 -1
295 465
-1 -1
-1 -1
-1 -1
295 464
1198 413
-1 -1
295 464
1162 417
-1 -1
-1 -1
299 464
1113 438
-1 -1
-1 -1
-1 -1
297 468
-1 -1
1080 447
-1 -1
-1 -1
296 470
1046 405
299 470
1011 405
-1 -1
301 471
-1 -1
-1 -1
302 471
-1 -1
-1 -1
302 471
-1 -1
302 471
-1 -1
298 471
-1 -1
-1 -1
296 471
-1 -1
296 471
818 421
295 467
806 421
295 465
-1 -1
295 465
784 447
-1 -1
295 468
-1 -1
-1 -1
295 469
-1 -1
-1 -1
295 470
-1 -1
-1 -1
295 471
-1 -1
295 471
-1 -1
295 471
-1 -1
295 471
793 421
295 471
787 353
-1 -1
295 471
-1 -1
-1 -1
295 471
-1 -1
-1 -1
295 471
-1 -1
-1 -1
295 471
961 480
-1 -1
-1 -1
-1 -1
295 471
-1 -1
1004 320
-1 -1
295 471
1004 320
-1 -1
295 467
1112 346
295 465
1120 351
295 465
-1 -1
-1 -1
-1 -1
295 464
-1 -1
-1 -1
-1 -1
-1 -1
295 464
-1 -1
295 464
-1 -1
-1 -1
295 468
1290 413
-1 -1
-1 -1
295 466
1239 408
-1 -1
-1 -1
295 465
-1 -1
1189 413
-1 -1
299 468
1189 413
-1 -1
-1 -1
-1 -1
297 466
-1 -1
1088 421
-1 -1
-1 -1
296 465
-1 -1
-1 -1
296 465
1020 413
-1 -1
-1 -1
-1 -1
295 464
1020 413
-1 -1
-1 -1
-1 -1
295 468
-1 -1
-1 -1
-1 -1
295 470
-1 -1
-1 -1
295 470
-1 -1
-1 -1
295 471
-1 -1
-1 -1
-1 -1
295 471
-1 -1
295 471
776 362
295 471
802 421
295 471
797 443
295 471
795 453
-1 -1
295 471
-1 -1
-1 -1
295 471
-1 -1
-1 -1
295 471
-1 -1
295 471
-1 -1
-1 -1
-1 -1
295 471
-1 -1
-1 -1
-1 -1
295 471
-1 -1
295 471
-1 -1
-1 -1
-1 -1
295 471
-1 -1
295 471
-1 -1
295 471
-1 -1
-1 -1
-1 -1
295 471
-1 -1
-1 -1
295 471
1004 295
-1 -1
-1 -1
295 471
1063 320
-1 -1
-1 -1
-1 -1
295 471
-1 -1
-1 -1
295 471
-1 -1
-1 -1
-1 -1
295 471
-1 -1
-1 -1
295 471
-1 -1
-1 -1
299 471
-1 -1
301 471
-1 -1
-1 -1
301 471
-1 -1
1282 421
-1 -1
302 471
-1 -1
1282 421
-1 -1
302 471
1189 421
-1 -1
302 471
1138 432
-1 -1
-1 -1
302 471
-1 -1
1096 438
-1 -1
-1 -1
-1 -1
302 471
-1 -1
1054 413
-1 -1
-1 -1
302 471
1029 413
-1 -1
-1 -1
-1 -1
302 471
-1 -1
302 471
978 497
-1 -1
302 471
-1 -1
302 471
-1 -1
302 471
-1 -1
302 471
-1 -1
298 471
-1 -1
300 471
810 421
301 471
798 421
-1 -1
298 471
788 421
-1 -1
296 471
785 421
-1 -1
295 471
776 438
-1 -1
-1 -1
295 471
-1 -1
776 438
295 471
767 455
295 471
767 455
295 471
732 363
-1 -1
295 471
744 332
-1 -1
295 471
-1 -1
-1 -1
-1 -1
295 471
-1 -1
-1 -1
295 471
885 345
-1 -1
-1 -1
295 471
-1 -1
295 471
987 354
-1 -1
295 471
1046 354
-1 -1
-1 -1
-1 -1
295 471
-1 -1
1096 379
-1 -1
295 471
-1 -1
1096 384
-1 -1
295 467
1198 405
-1 -1
295 465
1198 405
-1 -1
295 465
1232 409
-1 -1
295 464
1226 407
-1 -1
295 464
1199 406
295 464
-1 -1
1155 396
-1 -1
295 464
-1 -1
1096 430
-1 -1
-1 -1
295 468
-1 -1
1063 438
-1 -1
295 470
1020 438
-1 -1
-1 -1
295 470
-1 -1
987 421
-1 -1
-1 -1
295 471
-1 -1
987 421
-1 -1
-1 -1
295 471
-1 -1
-1 -1
295 467
-1 -1
-1 -1
-1 -1
-1 -1
295 465
-1 -1
-1 -1
-1 -1
-1 -1
-1 -1
295 468
-1 -1
295 470
-1 -1
295 470
-1 -1
-1 -1
295 471
-1 -1
295 471
767 455
-1 -1
295 471
802 450
295 471
-1 -1
295 471
-1 -1
295 471
-1 -1
-1 -1
295 471
-1 -1
-1 -1
289 471
759 455
287 471
785 450
-1 -1
-1 -1
287 471
-1 -1
290 471
-1 -1
