624 261
-1 -1
-1 -1
-1 -1
-1 -1
618 261
-1 -1
-1 -1
616 261
-1 -1
-1 -1
620 261
-1 -1
-1 -1
-1 -1
-1 -1
621 261
-1 -1
-1 -1
618 261
-1 -1
-1 -1
616 261
-1 -1
-1 -1
616 261
-1 -1
-1 -1
615 261
-1 -1
-1 -1
615 261
-1 -1
-1 -1
615 261
-1 -1
-1 -1
-1 -1
615 261
-1 -1
1020 168
-1 -1
615 261
-1 -1
615 261
-1 -1
-1 -1
619 261
-1 -1
-1 -1
617 261
-1 -1
621 256
-1 -1
618 258
-1 -1
617 259
-1 -1
616 259
-1 -1
-1 -1
620 260
-1 -1
-1 -1
622 260
-1 -1
-1 -1
-1 -1
-1 -1
618 260
-1 -1
-1 -1
617 260
1029 194
-1 -1
616 260
-1 -1
615 260
-1 -1
615 265
-1 -1
615 268
-1 -1
615 268
-1 -1
-1 -1
-1 -1
-1 -1
615 269
-1 -1
-1 -1
615 269
-1 -1
-1 -1
-1 -1
615 269
-1 -1
-1 -1
615 269
-1 -1
-1 -1
620 269
-1 -1
622 269
-1 -1
-1 -1
-1 -1
622 269
-1 -1
623 269
-1 -1
-1 -1
-1 -1
623 265
-1 -1
-1 -1
-1 -1
623 263
-1 -1
-1 -1
-1 -1
-1 -1
623 262
-1 -1
-1 -1
623 261
-1 -1
-1 -1
-1 -1
-1 -1
623 261
-1 -1
-1 -1
-1 -1
-1 -1
623 261
-1 -1
-1 -1
623 261
-1 -1
-1 -1
623 261
1105 236
-1 -1
623 261
1054 216
-1 -1
623 261
1017 183
-1 -1
623 261
950 184
-1 -1
623 261
-1 -1
618 261
-1 -1
620 261
-1 -1
622 261
-1 -1
622 261
-1 -1
-1 -1
623 261
-1 -1
623 261
-1 -1
623 266
-1 -1
-1 -1
-1 -1
623 268
-1 -1
-1 -1
-1 -1
623 274
-1 -1
623 276
995 244
618 277
1029 263
-1 -1
616 277
1097 305
-1 -1
616 277
1208 372
-1 -1
-1 -1
615 277
-1 -1
-1 -1
-1 -1
-1 -1
-1 -1
615 277
-1 -1
-1 -1
615 277
-1 -1
-1 -1
-1 -1
615 277
-1 -1
-1 -1
615 277
-1 -1
-1 -1
-1 -1
615 277
-1 -1
-1 -1
-1 -1
615 277
-1 -1
-1 -1
-1 -1
615 277
-1 -1
615 273
-1 -1
-1 -1
-1 -1
-1 -1
619 265
-1 -1
-1 -1
-1 -1
617 267
-1 -1
-1 -1
-1 -1
616 268
-1 -1
-1 -1
-1 -1
620 264
-1 -1
-1 -1
-1 -1
-1 -1
622 256
-1 -1
-1 -1
-1 -1
-1 -1
618 241
-1 -1
-1 -1
605 230
-1 -1
-1 -1
601 221
-1 -1
593 212
-1 -1
-1 -1
591 204
-1 -1
585 196
953 194
583 181
926 174
576 178
-1 -1
568 170
-1 -1
559 155
-1 -1
-1 -1
551 152
-1 -1
549 151
-1 -1
535 145
-1 -1
-1 -1
526 143
-1 -1
523 137
-1 -1
516 136
953 194
-1 -1
514 135
987 204
514 135
1055 214
-1 -1
514 129
-1 -1
-1 -1
509 127
-1 -1
-1 -1
507 121
1265 329
506 119
-1 -1
-1 -1
-1 -1
-1 -1
500 118
-1 -1
-1 -1
498 118
-1 -1
-1 -1
492 118
-1 -1
-1 -1
494 118
-1 -1
495 118
-1 -1
-1 -1
495 118
-1 -1
-1 -1
-1 -1
496 118
-1 -1
-1 -1
-1 -1
-1 -1
496 118
-1 -1
-1 -1
-1 -1
-1 -1
496 118
-1 -1
-1 -1
-1 -1
-1 -1
-1 -1
496 118
-1 -1
-1 -1
-1 -1
496 118
-1 -1
-1 -1
492 118
-1 -1
-1 -1
-1 -1
490 118
-1 -1
-1 -1
-1 -1
-1 -1
490 122
-1 -1
-1 -1
489 124
-1 -1
-1 -1
489 130
1080 219
489 138
1012 192
-1 -1
489 141
-1 -1
483 142
-1 -1
481 147
-1 -1
481 149
-1 -1
-1 -1
480 150
-1 -1
-1 -1
475 150
-1 -1
-1 -1
473 150
-1 -1
472 150
-1 -1
467 150
-1 -1
-1 -1
465 156
-1 -1
464 158
961 185
464 159
-1 -1
458 164
-1 -1
-1 -1
456 166
-1 -1
455 167
-1 -1
455 164
1290 345
455 165
-1 -1
-1 -1
-1 -1
455 172
-1 -1
-1 -1
-1 -1
455 171
-1 -1
-1 -1
455 170
-1 -1
-1 -1
450 174
-1 -1
-1 -1
-1 -1
448 175
-1 -1
448 176
-1 -1
-1 -1
-1 -1
447 176
-1 -1
-1 -1
447 176
-1 -1
-1 -1
447 176
-1 -1
-1 -1
-1 -1
447 176
-1 -1
-1 -1
-1 -1
-1 -1
447 176
-1 -1
447 176
-1 -1
1181 320
-1 -1
447 181
-1 -1
441 183
1105 253
-1 -1
-1 -1
434 183
-1 -1
-1 -1
-1 -1
425 180
-1 -1
-1 -1
422 182
-1 -1
421 189
-1 -1
421 197
-1 -1
421 206
-1 -1
421 208
-1 -1
-1 -1
421 209
-1 -1
421 209
-1 -1
421 209
-1 -1
421 215
-1 -1
421 223
-1 -1
-1 -1
421 225
953 270
421 232
-1 -1
416 230
-1 -1
418 233
-1 -1
-1 -1
415 231
1198 413
-1 -1
414 233
-1 -1
-1 -1
413 234
-1 -1
-1 -1
417 235
-1 -1
-1 -1
-1 -1
-1 -1
418 240
-1 -1
-1 -1
419 242
-1 -1
-1 -1
-1 -1
425 243
-1 -1
-1 -1
428 243
-1 -1
-1 -1
434 249
-1 -1
-1 -1
-1 -1
432 251
-1 -1
-1 -1
-1 -1
-1 -1
431 252
-1 -1
-1 -1
-1 -1
431 252
-1 -1
-1 -1
-1 -1
434 252
-1 -1
-1 -1
436 252
-1 -1
437 252
-1 -1
437 252
-1 -1
437 252
-1 -1
1054 261
437 252
-1 -1
1054 261
426 252
-1 -1
428 252
-1 -1
-1 -1
428 252
-1 -1
-1 -1
429 252
-1 -1
-1 -1
429 257
-1 -1
424 259
-1 -1
-1 -1
422 259
-1 -1
421 256
-1 -1
432 258
-1 -1
419 259
-1 -1
-1 -1
424 265
-1 -1
427 268
-1 -1
428 265
-1 -1
424 267
-1 -1
426 268
-1 -1
-1 -1
440 269
-1 -1
436 265
1240 345
-1 -1
437 263
1258 445
-1 -1
-1 -1
-1 -1
434 257
-1 -1
432 258
-1 -1
-1 -1
431 259
-1 -1
-1 -1
-1 -1
-1 -1
430 259
-1 -1
-1 -1
-1 -1
-1 -1
430 256
-1 -1
-1 -1
-1 -1
430 254
-1 -1
-1 -1
434 253
-1 -1
436 253
-1 -1
433 247
-1 -1
-1 -1
-1 -1
431 245
-1 -1
-1 -1
-1 -1
431 244
-1 -1
-1 -1
430 244
-1 -1
-1 -1
-1 -1
430 244
-1 -1
-1 -1
430 239
-1 -1
-1 -1
430 231
-1 -1
-1 -1
425 228
-1 -1
426 227
-1 -1
423 222
-1 -1
417 220
-1 -1
418 222
-1 -1
419 224
-1 -1
419 230
-1 -1
420 229
-1 -1
420 228
-1 -1
420 228
-1 -1
425 227
860 151
-1 -1
423 232
-1 -1
-1 -1
422 234
-1 -1
432 240
-1 -1
442 242
1012 219
437 243
1071 237
434 240
1148 328
-1 -1
426 232
-1 -1
-1 -1
-1 -1
-1 -1
417 229
-1 -1
-1 -1
-1 -1
419 232
-1 -1
-1 -1
-1 -1
-1 -1
419 233
-1 -1
-1 -1
-1 -1
-1 -1
420 234
-1 -1
-1 -1
-1 -1
420 235
-1 -1
-1 -1
-1 -1
-1 -1
425 235
-1 -1
-1 -1
423 235
-1 -1
-1 -1
426 235
-1 -1
-1 -1
-1 -1
424 235
-1 -1
-1 -1
-1 -1
422 235
-1 -1
-1 -1
-1 -1
426 235
-1 -1
-1 -1
-1 -1
428 235
-1 -1
-1 -1
-1 -1
-1 -1
-1 -1
428 235
-1 -1
-1 -1
-1 -1
-1 -1
-1 -1
429 240
-1 -1
-1 -1
-1 -1
429 242
-1 -1
-1 -1
434 242
-1 -1
436 243
1071 236
-1 -1
-1 -1
419 239
1036 216
-1 -1
415 238
-1 -1
-1 -1
-1 -1
417 240
-1 -1
-1 -1
-1 -1
-1 -1
396 227
405 236
-1 -1
415 236
-1 -1
414 240
-1 -1
413 242
-1 -1
-1 -1
409 242
-1 -1
407 243
-1 -1
410 249
-1 -1
416 251
-1 -1
415 252
-1 -1
418 252
-1 -1
419 252
-1 -1
420 252
-1 -1
420 252
-1 -1
-1 -1
-1 -1
420 252
-1 -1
420 252
-1 -1
-1 -1
-1 -1
420 252
-1 -1
-1 -1
-1 -1
420 252
-1 -1
-1 -1
-1 -1
420 252
-1 -1
-1 -1
426 252
-1 -1
-1 -1
-1 -1
428 252
-1 -1
-1 -1
428 252
-1 -1
-1 -1
-1 -1
425 252
-1 -1
-1 -1
-1 -1
-1 -1
417 252
-1 -1
-1 -1
-1 -1
418 252
-1 -1
-1 -1
-1 -1
419 252
-1 -1
-1 -1
-1 -1
419 252
-1 -1
-1 -1
-1 -1
-1 -1
420 252
-1 -1
-1 -1
-1 -1
-1 -1
425 252
-1 -1
-1 -1
-1 -1
423 252
-1 -1
-1 -1
-1 -1
422 252
-1 -1
-1 -1
422 252
-1 -1
-1 -1
421 252
1020 219
-1 -1
421 252
978 200
-1 -1
426 252
-1 -1
433 252
-1 -1
432 252
-1 -1
435 257
-1 -1
436 259
-1 -1
437 259
-1 -1
-1 -1
437 256
-1 -1
437 255
-1 -1
437 254
-1 -1
433 253
-1 -1
435 257
-1 -1
436 259
-1 -1
-1 -1
-1 -1
442 259
1096 253
-1 -1
-1 -1
458 256
1146 278
454 254
-1 -1
454 254
-1 -1
-1 -1
-1 -1
-1 -1
-1 -1
454 253
-1 -1
-1 -1
-1 -1
-1 -1
460 253
-1 -1
-1 -1
-1 -1
458 253
-1 -1
-1 -1
-1 -1
457 253
-1 -1
-1 -1
-1 -1
456 253
-1 -1
-1 -1
-1 -1
451 253
-1 -1
-1 -1
-1 -1
442 253
-1 -1
-1 -1
-1 -1
444 253
-1 -1
-1 -1
445 253
-1 -1
-1 -1
445 253
-1 -1
-1 -1
-1 -1
446 253
1274 388
-1 -1
-1 -1
-1 -1
-1 -1
446 253
-1 -1
-1 -1
450 253
-1 -1
-1 -1
452 253
-1 -1
453 253
1046 244
459 253
1019 225
452 253
943 199
449 257
-1 -1
452 255
-1 -1
443 264
-1 -1
444 267
-1 -1
449 259
-1 -1
-1 -1
452 260
-1 -1
-1 -1
-1 -1
-1 -1
-1 -1
-1 -1
531 261
-1 -1
-1 -1
-1 -1
531 261
523 261
-1 -1
-1 -1
-1 -1
523 270
514 270
-1 -1
519 270
-1 -1
-1 -1
472 264
-1 -1
-1 -1
465 262
-1 -1
-1 -1
457 262
-1 -1
-1 -1
1113 253
-1 -1
455 261
-1 -1
-1 -1
1172 278
-1 -1
-1 -1
455 256
-1 -1
-1 -1
-1 -1
455 258
-1 -1
-1 -1
-1 -1
455 255
-1 -1
-1 -1
-1 -1
455 254
-1 -1
-1 -1
-1 -1
455 257
-1 -1
-1 -1
455 255
-1 -1
-1 -1
-1 -1
455 248
-1 -1
-1 -1
455 249
-1 -1
-1 -1
-1 -1
455 246
-1 -1
-1 -1
455 249
-1 -1
-1 -1
455 250
-1 -1
-1 -1
-1 -1
-1 -1
455 251
-1 -1
-1 -1
-1 -1
-1 -1
455 251
-1 -1
-1 -1
459 252
-1 -1
457 252
-1 -1
-1 -1
456 252
1096 253
-1 -1
456 252
-1 -1
-1 -1
540 244
455 252
987 202
455 252
936 197
-1 -1
455 252
-1 -1
455 252
-1 -1
455 252
-1 -1
460 252
-1 -1
458 252
-1 -1
-1 -1
456 252
-1 -1
456 252
-1 -1
-1 -1
455 252
-1 -1
455 247
-1 -1
455 249
-1 -1
455 251
945 202
455 251
-1 -1
455 247
-1 -1
-1 -1
450 249
1122 253
-1 -1
-1 -1
448 251
-1 -1
448 247
1257 345
-1 -1
-1 -1
451 245
-1 -1
-1 -1
-1 -1
-1 -1
452 249
-1 -1
-1 -1
-1 -1
450 250
-1 -1
-1 -1
452 251
-1 -1
-1 -1
-1 -1
453 252
-1 -1
-1 -1
450 252
-1 -1
-1 -1
452 252
-1 -1
-1 -1
-1 -1
-1 -1
-1 -1
449 252
-1 -1
442 252
-1 -1
-1 -1
-1 -1
440 252
-1 -1
-1 -1
-1 -1
439 257
-1 -1
-1 -1
-1 -1
-1 -1
442 259
-1 -1
-1 -1
-1 -1
-1 -1
440 256
-1 -1
-1 -1
-1 -1
-1 -1
443 258
-1 -1
-1 -1
-1 -1
444 256
-1 -1
-1 -1
435 254
-1 -1
425 254
-1 -1
422 253
-1 -1
-1 -1
421 257
-1 -1
548 236
421 255
-1 -1
416 258
-1 -1
430 255
-1 -1
434 258
-1 -1
436 255
-1 -1
-1 -1
443 254
-1 -1
-1 -1
445 257
-1 -1
451 255
-1 -1
453 254
-1 -1
-1 -1
451 254
-1 -1
-1 -1
443 253
-1 -1
-1 -1
427 253
-1 -1
-1 -1
428 257
1147 270
-1 -1
-1 -1
432 259
1147 270
-1 -1
-1 -1
431 259
-1 -1
-1 -1
430 260
-1 -1
-1 -1
430 256
-1 -1
-1 -1
424 255
-1 -1
-1 -1
-1 -1
426 254
-1 -1
-1 -1
427 253
-1 -1
-1 -1
433 253
-1 -1
-1 -1
-1 -1
435 253
-1 -1
-1 -1
-1 -1
-1 -1
436 253
-1 -1
-1 -1
-1 -1
433 253
-1 -1
-1 -1
-1 -1
432 253
-1 -1
-1 -1
-1 -1
-1 -1
431 253
-1 -1
-1 -1
-1 -1
-1 -1
434 257
-1 -1
-1 -1
-1 -1
442 259
-1 -1
-1 -1
-1 -1
-1 -1
435 256
-1 -1
-1 -1
433 258
-1 -1
-1 -1
441 259
-1 -1
-1 -1
440 260
-1 -1
-1 -1
-1 -1
439 260
-1 -1
434 260
-1 -1
425 260
-1 -1
423 260
-1 -1
421 256
-1 -1
-1 -1
421 254
-1 -1
425 254
-1 -1
427 257
-1 -1
424 258
-1 -1
426 259
-1 -1
433 260
-1 -1
-1 -1
435 260
-1 -1
-1 -1
436 260
-1 -1
443 260
-1 -1
441 265
-1 -1
1063 261
-1 -1
435 264
-1 -1
1063 261
-1 -1
432 262
-1 -1
-1 -1
435 262
1206 312
-1 -1
432 261
-1 -1
-1 -1
-1 -1
435 261
-1 -1
-1 -1
-1 -1
432 261
-1 -1
-1 -1
431 261
-1 -1
-1 -1
425 256
-1 -1
-1 -1
422 254
-1 -1
-1 -1
422 254
-1 -1
-1 -1
-1 -1
421 253
-1 -1
-1 -1
421 253
-1 -1
-1 -1
421 253
-1 -1
-1 -1
-1 -1
421 253
-1 -1
-1 -1
-1 -1
-1 -1
421 253
-1 -1
-1 -1
-1 -1
-1 -1
421 253
-1 -1
421 253
-1 -1
-1 -1
425 257
-1 -1
-1 -1
423 259
-1 -1
-1 -1
422 256
-1 -1
422 254
-1 -1
-1 -1
426 254
-1 -1
424 253
-1 -1
427 257
-1 -1
428 255
-1 -1
429 254
-1 -1
-1 -1
424 254
-1 -1
-1 -1
432 253
-1 -1
435 257
-1 -1
436 259
-1 -1
443 259
-1 -1
445 260
-1 -1
-1 -1
446 260
-1 -1
-1 -1
442 260
-1 -1
-1 -1
-1 -1
440 260
-1 -1
-1 -1
-1 -1
434 260
-1 -1
-1 -1
-1 -1
-1 -1
432 256
-1 -1
-1 -1
-1 -1
431 254
-1 -1
-1 -1
430 257
-1 -1
-1 -1
434 259
-1 -1
-1 -1
-1 -1
432 256
-1 -1
425 254
-1 -1
-1 -1
426 257
-1 -1
-1 -1
427 259
-1 -1
-1 -1
-1 -1
428 256
-1 -1
-1 -1
428 254
-1 -1
-1 -1
429 254
-1 -1
-1 -1
429 253
-1 -1
-1 -1
-1 -1
434 257
-1 -1
-1 -1
-1 -1
-1 -1
435 259
-1 -1
-1 -1
436 259
-1 -1
437 260
-1 -1
-1 -1
437 260
-1 -1
-1 -1
-1 -1
433 260
-1 -1
435 260
-1 -1
436 260
-1 -1
433 256
-1 -1
431 254
-1 -1
431 254
-1 -1
-1 -1
430 253
-1 -1
-1 -1
430 253
-1 -1
424 253
-1 -1
426 253
-1 -1
423 253
-1 -1
422 253
-1 -1
421 253
-1 -1
421 253
-1 -1
-1 -1
-1 -1
421 253
-1 -1
421 247
1054 270
-1 -1
421 245
-1 -1
-1 -1
425 249
1181 320
427 250
-1 -1
428 251
-1 -1
-1 -1
429 252
-1 -1
429 252
-1 -1
-1 -1
-1 -1
434 257
-1 -1
-1 -1
432 259
-1 -1
-1 -1
431 259
-1 -1
-1 -1
-1 -1
431 256
-1 -1
-1 -1
-1 -1
434 258
-1 -1
-1 -1
436 259
-1 -1
-1 -1
437 256
-1 -1
-1 -1
-1 -1
-1 -1
433 254
-1 -1
-1 -1
-1 -1
432 254
-1 -1
-1 -1
-1 -1
-1 -1
431 253
-1 -1
-1 -1
-1 -1
430 253
-1 -1
-1 -1
-1 -1
425 253
1063 270
-1 -1
422 253
-1 -1
-1 -1
-1 -1
426 257
-1 -1
-1 -1
423 259
-1 -1
422 256
-1 -1
-1 -1
421 258
-1 -1
426 259
-1 -1
433 265
-1 -1
435 268
-1 -1
449 269
-1 -1
453 274
-1 -1
-1 -1
454 273
-1 -1
-1 -1
452 272
-1 -1
444 265
-1 -1
-1 -1
-1 -1
-1 -1
506 261
455 270
-1 -1
455 270
-1 -1
460 264
1063 244
-1 -1
462 266
1063 244
-1 -1
458 268
-1 -1
-1 -1
-1 -1
457 268
1248 312
-1 -1
456 264
-1 -1
-1 -1
-1 -1
455 266
-1 -1
-1 -1
-1 -1
450 268
-1 -1
-1 -1
-1 -1
-1 -1
448 264
-1 -1
-1 -1
-1 -1
-1 -1
451 262
-1 -1
-1 -1
-1 -1
442 262
-1 -1
-1 -1
-1 -1
444 261
-1 -1
-1 -1
440 265
-1 -1
-1 -1
-1 -1
426 263
-1 -1
-1 -1
-1 -1
-1 -1
416 257
-1 -1
-1 -1
-1 -1
-1 -1
414 255
-1 -1
428 257
-1 -1
-1 -1
433 264
-1 -1
-1 -1
435 267
-1 -1
-1 -1
426 258
-1 -1
423 255
-1 -1
416 254
-1 -1
-1 -1
418 253
-1 -1
409 247
-1 -1
429 255
-1 -1
434 258
-1 -1
433 259
-1 -1
-1 -1
442 265
-1 -1
-1 -1
445 268
-1 -1
-1 -1
446 269
-1 -1
-1 -1
446 269
-1 -1
436 265
-1 -1
442 267
-1 -1
440 264
-1 -1
449 266
-1 -1
-1 -1
452 268
-1 -1
-1 -1
444 264
-1 -1
-1 -1
427 257
-1 -1
-1 -1
423 255
-1 -1
-1 -1
-1 -1
-1 -1
425 257
1206 286
-1 -1
-1 -1
427 258
1206 286
-1 -1
440 265
-1 -1
444 267
-1 -1
436 264
-1 -1
-1 -1
-1 -1
-1 -1
-1 -1
-1 -1
-1 -1
388 236
430 253
-1 -1
430 253
-1 -1
-1 -1
424 253
-1 -1
-1 -1
-1 -1
426 253
-1 -1
-1 -1
-1 -1
411 247
-1 -1
-1 -1
-1 -1
407 245
-1 -1
-1 -1
-1 -1
-1 -1
413 249
-1 -1
-1 -1
-1 -1
-1 -1
416 250
-1 -1
-1 -1
424 251
-1 -1
-1 -1
1299 345
-1 -1
427 252
-1 -1
-1 -1
1299 345
-1 -1
418 247
-1 -1
-1 -1
-1 -1
415 245
-1 -1
-1 -1
417 249
-1 -1
-1 -1
415 246
-1 -1
-1 -1
-1 -1
414 245
-1 -1
424 249
-1 -1
427 250
-1 -1
428 251
-1 -1
425 252
-1 -1
-1 -1
423 252
-1 -1
-1 -1
432 257
-1 -1
-1 -1
431 259
-1 -1
-1 -1
-1 -1
-1 -1
405 244
-1 -1
-1 -1
-1 -1
396 244
413 253
-1 -1
413 253
-1 -1
-1 -1
-1 -1
413 253
953 194
417 253
-1 -1
425 257
-1 -1
-1 -1
-1 -1
428 259
-1 -1
-1 -1
429 259
-1 -1
-1 -1
-1 -1
425 260
-1 -1
-1 -1
-1 -1
-1 -1
427 260
-1 -1
-1 -1
428 260
-1 -1
-1 -1
-1 -1
424 256
-1 -1
-1 -1
423 254
-1 -1
-1 -1
422 254
-1 -1
421 253
-1 -1
-1 -1
421 253
-1 -1
-1 -1
-1 -1
421 253
-1 -1
-1 -1
-1 -1
410 247
-1 -1
-1 -1
400 245
-1 -1
-1 -1
-1 -1
-1 -1
-1 -1
-1 -1
-1 -1
-1 -1
396 236
405 244
-1 -1
-1 -1
-1 -1
-1 -1
415 249
1290 362
-1 -1
-1 -1
-1 -1
418 251
-1 -1
432 257
-1 -1
-1 -1
436 259
-1 -1
433 256
-1 -1
432 255
-1 -1
426 254
-1 -1
423 254
-1 -1
426 253
-1 -1
428 257
-1 -1
-1 -1
424 255
-1 -1
-1 -1
422 254
-1 -1
-1 -1
417 254
-1 -1
-1 -1
-1 -1
418 253
-1 -1
-1 -1
401 248
-1 -1
403 246
-1 -1
-1 -1
-1 -1
396 244
388 244
-1 -1
-1 -1
392 244
-1 -1
-1 -1
-1 -1
407 249
-1 -1
-1 -1
405 251
1063 261
-1 -1
-1 -1
410 251
-1 -1
408 252
1189 320
-1 -1
410 252
-1 -1
-1 -1
1264 362
-1 -1
411 252
-1 -1
-1 -1
-1 -1
412 252
-1 -1
-1 -1
-1 -1
431 257
-1 -1
-1 -1
436 259
-1 -1
-1 -1
433 256
-1 -1
-1 -1
431 255
-1 -1
-1 -1
426 254
-1 -1
423 253
-1 -1
-1 -1
-1 -1
422 253
-1 -1
-1 -1
-1 -1
-1 -1
422 253
-1 -1
-1 -1
-1 -1
426 257
-1 -1
-1 -1
-1 -1
433 259
1257 354
-1 -1
-1 -1
-1 -1
436 259
1257 354
-1 -1
-1 -1
-1 -1
433 260
-1 -1
-1 -1
412 249
1063 253
-1 -1
-1 -1
-1 -1
-1 -1
-1 -1
1063 253
-1 -1
-1 -1
405 244
413 244
979 210
413 249
971 203
413 251
-1 -1
-1 -1
408 251
-1 -1
410 257
-1 -1
-1 -1
407 256
-1 -1
406 255
-1 -1
409 254
-1 -1
416 257
-1 -1
-1 -1
418 259
-1 -1
-1 -1
419 260
-1 -1
-1 -1
-1 -1
-1 -1
388 236
421 261
-1 -1
410 256
-1 -1
