151 421
-1 -1
-1 -1
1088 666
-1 -1
151 421
852 632
-1 -1
151 421
852 632
-1 -1
151 421
1010 632
-1 -1
835 599
-1 -1
151 421
1019 627
-1 -1
146 421
992 629
-1 -1
144 421
926 630
-1 -1
144 421
914 620
826 590
143 421
833 640
845 595
143 421
952 716
-1 -1
143 421
941 709
-1 -1
852 590
147 421
-1 -1
944 702
801 590
145 421
928 696
144 421
-1 -1
932 691
143 421
934 691
860 615
143 421
852 608
143 421
844 607
143 421
850 618
143 421
923 663
143 421
915 665
818 607
143 421
917 672
818 607
143 421
-1 -1
-1 -1
914 679
759 615
143 421
811 677
809 610
138 421
794 676
823 595
136 421
820 599
139 421
844 591
137 421
884 602
139 421
913 592
141 421
-1 -1
-1 -1
-1 -1
-1 -1
141 421
-1 -1
970 556
142 421
1054 649
936 615
-1 -1
142 421
928 615
-1 -1
142 421
-1 -1
-1 -1
142 421
-1 -1
142 421
1206 683
936 607
-1 -1
142 421
-1 -1
142 421
-1 -1
-1 -1
-1 -1
142 421
1122 624
-1 -1
-1 -1
142 421
1095 650
-1 -1
911 624
-1 -1
142 421
1043 655
-1 -1
142 421
992 634
-1 -1
869 658
-1 -1
142 421
-1 -1
916 628
835 675
-1 -1
142 421
957 724
885 615
142 421
979 739
859 610
142 421
933 717
808 603
142 421
935 717
828 600
142 421
929 702
835 593
142 421
934 696
842 591
142 421
929 694
142 421
928 692
142 421
921 692
142 421
899 665
142 421
901 665
-1 -1
142 421
905 674
142 421
911 674
138 421
914 678
-1 -1
810 615
140 421
-1 -1
912 680
810 620
141 421
827 623
141 421
819 616
142 421
864 694
826 590
142 421
861 628
767 565
142 421
864 603
793 565
-1 -1
142 421
-1 -1
-1 -1
871 611
806 565
-1 -1
142 421
910 594
-1 -1
138 421
917 602
869 599
-1 -1
140 421
846 621
-1 -1
141 421
-1 -1
919 632
-1 -1
141 421
1358 632
826 624
-1 -1
142 421
901 624
1324 666
-1 -1
142 421
-1 -1
142 421
-1 -1
-1 -1
-1 -1
-1 -1
142 421
936 641
-1 -1
-1 -1
142 421
1044 659
1004 683
-1 -1
138 421
843 649
-1 -1
928 648
136 421
-1 -1
928 649
826 599
-1 -1
136 421
916 637
-1 -1
800 563
-1 -1
135 416
834 666
800 564
135 414
863 710
-1 -1
139 417
872 697
140 418
-1 -1
877 699
141 419
893 705
147 420
898 701
145 420
921 698
144 416
932 689
144 414
929 680
143 414
926 670
801 649
143 417
869 631
143 415
921 645
143 414
932 663
852 624
143 413
929 676
147 417
928 680
149 419
924 681
843 624
146 419
852 624
145 420
873 711
801 573
147 420
816 696
843 592
149 420
857 689
-1 -1
146 420
872 600
144 420
-1 -1
-1 -1
909 599
869 590
147 420
-1 -1
887 578
149 420
-1 -1
-1 -1
149 420
928 624
-1 -1
150 420
-1 -1
150 420
928 615
-1 -1
150 420
-1 -1
953 632
-1 -1
150 420
-1 -1
-1 -1
953 624
-1 -1
146 420
-1 -1
-1 -1
1012 641
941 635
144 420
-1 -1
-1 -1
1063 658
928 607
-1 -1
144 420
1063 658
-1 -1
-1 -1
143 420
954 658
-1 -1
143 420
914 631
-1 -1
-1 -1
143 420
-1 -1
-1 -1
856 671
843 573
143 420
836 680
-1 -1
143 420
890 711
-1 -1
143 420
930 722
143 420
933 711
810 582
143 416
924 706
138 418
921 703
136 419
924 690
136 416
-1 -1
860 623
135 418
876 644
-1 -1
135 419
-1 -1
847 604
135 416
851 618
135 418
915 671
129 415
918 686
-1 -1
127 418
925 689
127 419
933 697
126 419
863 610
130 420
815 664
860 599
132 420
836 598
133 420
867 584
134 420
926 588
134 420
949 595
-1 -1
869 582
134 420
-1 -1
-1 -1
935 597
139 420
956 607
-1 -1
141 425
-1 -1
-1 -1
141 424
1046 649
-1 -1
987 632
142 427
1046 644
142 428
-1 -1
945 615
-1 -1
147 429
-1 -1
-1 -1
145 429
1046 658
-1 -1
144 429
1019 652
-1 -1
-1 -1
144 429
1034 630
-1 -1
936 641
-1 -1
147 434
928 625
145 432
-1 -1
856 672
885 615
144 431
896 718
144 431
925 717
-1 -1
852 590
143 430
935 717
-1 -1
817 590
147 430
930 709
-1 -1
149 430
928 700
149 425
928 689
150 423
928 680
150 422
928 681
146 421
-1 -1
928 677
148 421
916 679
145 421
917 680
148 425
913 686
149 423
912 695
140 417
891 703
-1 -1
141 418
833 641
137 419
812 641
130 416
817 627
127 414
817 624
-1 -1
121 413
828 610
-1 -1
123 413
874 613
767 582
129 413
821 614
-1 -1
127 408
-1 -1
-1 -1
885 624
-1 -1
131 410
-1 -1
850 597
133 411
953 632
1290 599
-1 -1
138 411
818 641
-1 -1
141 412
818 641
-1 -1
147 416
801 641
-1 -1
885 590
149 418
1009 675
-1 -1
843 608
-1 -1
150 419
835 649
-1 -1
843 598
150 420
835 649
-1 -1
837 594
150 426
926 668
-1 -1
150 428
982 734
146 425
957 756
145 423
935 744
147 422
-1 -1
812 696
149 422
-1 -1
802 686
146 421
874 698
144 421
888 694
759 573
139 426
898 692
843 624
130 428
900 691
843 624
127 434
908 686
126 436
905 678
843 632
130 437
844 631
132 437
836 631
138 437
897 669
131 433
907 678
810 624
128 432
904 687
131 434
902 696
128 432
827 617
127 431
833 608
131 430
805 659
835 615
132 430
830 616
133 434
858 609
-1 -1
134 442
894 601
-1 -1
835 590
-1 -1
129 440
894 619
132 435
887 633
-1 -1
138 432
-1 -1
-1 -1
945 666
-1 -1
154 431
-1 -1
-1 -1
869 647
945 658
143 418
-1 -1
925 652
-1 -1
139 415
-1 -1
-1 -1
137 413
894 649
136 413
894 649
135 416
961 644
-1 -1
-1 -1
139 418
893 606
-1 -1
-1 -1
141 419
893 705
860 599
138 419
834 684
860 599
-1 -1
140 420
902 727
776 573
141 420
908 719
767 582
138 416
910 712
759 582
146 424
910 701
148 423
907 696
146 422
909 688
145 422
922 679
144 426
920 676
144 428
919 675
143 429
919 675
147 429
919 663
145 429
919 667
148 434
915 676
149 436
916 679
-1 -1
146 437
913 686
-1 -1
145 437
912 689
147 437
915 702
145 437
923 713
144 437
852 625
144 437
829 641
852 607
143 433
839 652
-1 -1
885 717
793 590
143 431
870 628
-1 -1
-1 -1
143 431
-1 -1
-1 -1
835 632
-1 -1
138 430
909 651
-1 -1
826 649
-1 -1
140 430
925 669
860 624
-1 -1
137 430
-1 -1
953 641
848 635
-1 -1
139 434
843 641
-1 -1
137 432
854 641
-1 -1
153 435
-1 -1
919 624
-1 -1
149 432
-1 -1
877 624
-1 -1
147 435
1088 658
860 615
-1 -1
145 436
862 638
-1 -1
-1 -1
144 437
-1 -1
-1 -1
902 641
835 649
-1 -1
148 437
885 615
-1 -1
-1 -1
834 606
-1 -1
146 442
880 610
-1 -1
-1 -1
132 441
826 666
852 599
136 450
896 711
135 444
863 692
-1 -1
767 590
145 445
893 713
826 595
155 435
893 709
-1 -1
810 590
158 436
899 700
767 595
159 432
914 692
-1 -1
155 434
924 688
154 435
927 686
147 436
933 672
145 437
928 668
767 599
144 437
925 683
143 437
923 683
143 437
916 683
143 437
917 683
143 437
918 694
147 437
918 703
145 437
918 713
154 437
918 715
153 442
-1 -1
892 716
852 599
152 440
833 691
152 439
891 648
-1 -1
826 624
151 443
-1 -1
904 627
860 615
156 441
-1 -1
860 615
-1 -1
158 439
860 641
-1 -1
159 439
-1 -1
869 624
-1 -1
164 438
857 635
-1 -1
166 438
860 624
-1 -1
-1 -1
163 438
-1 -1
928 641
-1 -1
-1 -1
162 433
-1 -1
-1 -1
-1 -1
149 431
919 641
-1 -1
-1 -1
145 431
919 641
-1 -1
-1 -1
138 430
-1 -1
-1 -1
919 635
-1 -1
136 434
892 628
-1 -1
835 649
-1 -1
135 432
-1 -1
-1 -1
841 605
135 431
964 730
810 573
826 675
135 430
904 719
844 607
129 430
903 717
850 602
127 430
907 710
843 599
130 430
904 702
801 603
137 434
921 691
140 436
920 687
138 436
925 685
140 437
926 679
138 443
932 670
140 445
930 667
742 641
141 446
929 676
142 446
924 675
147 446
915 679
145 442
913 686
144 444
912 695
144 445
905 704
-1 -1
843 599
143 441
883 706
-1 -1
767 582
139 443
857 625
140 441
868 616
141 439
-1 -1
-1 -1
852 675
877 607
-1 -1
141 438
-1 -1
-1 -1
852 556
-1 -1
142 438
1290 523
852 561
-1 -1
147 438
860 624
919 632
-1 -1
145 438
-1 -1
860 573
-1 -1
144 438
-1 -1
919 615
-1 -1
144 438
-1 -1
868 620
-1 -1
143 438
-1 -1
902 642
-1 -1
143 442
936 641
-1 -1
143 440
877 606
-1 -1
143 439
839 617
826 565
-1 -1
143 439
1100 680
-1 -1
885 624
835 666
-1 -1
143 443
902 621
-1 -1
143 441
857 616
801 599
143 439
876 706
143 443
887 701
138 445
916 700
136 445
924 700
139 446
932 694
137 442
934 683
136 440
932 679
145 443
930 677
148 440
929 676
801 599
156 439
923 675
793 641
750 633
158 438
915 670
750 632
-1 -1
159 438
916 671
755 632
-1 -1
155 438
917 678
153 438
918 686
-1 -1
157 438
918 695
154 438
918 711
-1 -1
153 438
-1 -1
918 709
147 438
918 714
852 607
145 433
-1 -1
-1 -1
892 716
856 611
144 431
-1 -1
-1 -1
852 683
854 604
-1 -1
138 434
919 666
885 624
-1 -1
136 435
919 639
-1 -1
860 624
135 436
-1 -1
860 641
-1 -1
135 442
-1 -1
919 624
-1 -1
135 440
919 618
-1 -1
139 439
-1 -1
919 611
-1 -1
140 439
-1 -1
914 617
141 438
-1 -1
916 620
-1 -1
147 443
-1 -1
-1 -1
145 445
1054 649
-1 -1
144 445
1054 644
-1 -1
919 632
-1 -1
148 446
937 659
-1 -1
860 683
-1 -1
146 442
888 632
-1 -1
148 440
878 626
149 439
905 723
793 590
150 433
920 732
793 590
146 435
925 726
843 640
-1 -1
139 436
920 716
137 436
924 703
852 624
139 437
926 690
140 437
930 686
137 437
929 679
136 442
923 676
139 444
920 675
826 607
140 441
919 675
146 440
919 675
818 599
148 439
923 675
146 438
925 679
145 443
926 686
144 441
927 688
147 439
916 710
149 439
913 708
860 607
146 434
843 684
-1 -1
855 611
144 431
856 678
147 425
864 676
894 599
-1 -1
145 426
-1 -1
-1 -1
867 631
-1 -1
148 432
-1 -1
909 617
-1 -1
155 431
860 632
916 622
157 431
-1 -1
910 629
-1 -1
158 430
916 618
-1 -1
159 430
910 571
-1 -1
159 430
-1 -1
-1 -1
-1 -1
877 632
-1 -1
159 434
919 641
159 436
1103 629
919 641
-1 -1
159 436
994 657
-1 -1
877 635
159 433
1015 657
-1 -1
904 643
-1 -1
159 432
897 624
-1 -1
835 649
-1 -1
159 431
886 617
-1 -1
835 644
-1 -1
159 430
860 708
-1 -1
808 614
159 430
919 713
-1 -1
159 434
926 715
159 432
934 705
155 431
942 688
793 607
157 431
934 678
-1 -1
158 430
942 669
158 430
944 666
154 430
936 670
152 430
869 638
152 430
896 668
784 649
151 430
874 647
749 637
151 430
904 664
151 430
913 670
151 430
-1 -1
916 685
151 425
-1 -1
908 682
151 422
914 687
-1 -1
151 422
916 696
869 615
151 421
900 712
-1 -1
793 582
151 421
901 715
-1 -1
793 582
151 421
905 634
827 576
151 421
867 651
833 569
146 421
923 660
-1 -1
131 421
-1 -1
919 615
-1 -1
133 425
924 620
-1 -1
134 427
931 622
-1 -1
134 428
-1 -1
919 615
-1 -1
134 429
-1 -1
914 615
-1 -1
-1 -1
134 429
-1 -1
922 610
-1 -1
134 429
-1 -1
-1 -1
-1 -1
134 425
1054 666
-1 -1
885 649
-1 -1
134 423
-1 -1
-1 -1
885 649
-1 -1
139 422
919 641
-1 -1
-1 -1
141 426
-1 -1
-1 -1
835 649
885 607
141 427
935 724
869 607
147 428
943 732
869 607
149 429
937 721
852 649
150 429
936 718
-1 -1
852 649
150 424
930 701
156 427
926 689
154 423
933 685
157 426
930 684
154 428
929 678
776 649
153 428
928 669
147 429
923 675
139 424
925 675
136 427
916 678
138 428
913 680
140 428
905 681
759 599
141 429
903 681
835 632
137 424
902 694
136 422
902 697
139 426
-1 -1
906 711
852 607
140 427
-1 -1
883 709
852 607
137 418
900 708
877 625
136 419
906 708
882 629
139 415
-1 -1
860 632
-1 -1
146 417
-1 -1
894 620
-1 -1
145 415
852 624
-1 -1
144 414
856 624
-1 -1
144 417
-1 -1
885 641
143 418
-1 -1
890 635
147 419
-1 -1
919 632
-1 -1
149 420
-1 -1
-1 -1
150 420
987 675
877 590
150 425
1045 663
919 658
-1 -1
146 424
1029 653
-1 -1
892 631
-1 -1
148 427
1023 650
-1 -1
887 626
-1 -1
145 424
873 604
144 423
916 722
852 590
143 422
924 710
809 590
143 421
926 708
802 590
147 421
923 699
145 421
926 695
860 599
144 421
932 689
147 426
934 681
145 424
932 677
148 427
931 676
145 428
933 669
793 599
148 429
934 667
793 599
149 434
925 676
150 436
925 685
150 437
922 702
150 437
920 706
150 437
-1 -1
923 707
150 433
931 704
-1 -1
150 432
-1 -1
930 706
860 615
150 431
-1 -1
923 707
860 615
150 434
-1 -1
-1 -1
930 704
902 624
146 436
-1 -1
-1 -1
930 689
144 433
917 679
869 624
144 431
968 669
-1 -1
143 431
-1 -1
919 624
-1 -1
143 430
-1 -1
147 430
902 649
-1 -1
148 430
894 649
-1 -1
149 430
-1 -1
945 607
-1 -1
150 430
945 607
-1 -1
150 430
939 633
-1 -1
150 430
937 638
-1 -1
150 430
947 653
-1 -1
-1 -1
150 430
-1 -1
-1 -1
926 645
-1 -1
150 430
894 615
-1 -1
150 430
961 715
150 430
943 723
852 590
150 430
-1 -1
944 711
852 590
150 430
940 708
150 430
938 703
150 430
937 691
150 430
941 673
150 424
934 668
150 422
931 671
-1 -1
150 426
929 672
-1 -1
150 427
923 673
150 428
915 673
146 429
905 674
144 424
903 678
147 426
889 680
148 428
880 681
146 428
-1 -1
883 694
826 632
144 429
842 633
138 424
853 703
810 641
136 422
838 706
810 641
135 426
836 625
135 427
848 662
139 428
901 637
843 632
140 429
909 633
141 429
-1 -1
911 615
-1 -1
142 429
911 615
-1 -1
138 424
911 615
-1 -1
140 427
-1 -1
-1 -1
876 620
141 428
-1 -1
906 618
-1 -1
141 428
-1 -1
-1 -1
142 429
843 666
835 590
142 429
910 661
-1 -1
846 571
-1 -1
142 434
1029 653
-1 -1
-1 -1
142 432
933 630
-1 -1
835 590
-1 -1
142 435
972 755
-1 -1
869 615
142 433
955 730
-1 -1
852 632
142 431
934 721
792 597
147 431
-1 -1
861 669
770 603
149 430
898 687
-1 -1
149 430
918 694
150 430
918 696
-1 -1
156 430
930 688
154 430
934 685
153 430
931 678
152 430
930 676
152 434
929 678
151 432
929 676
793 649
151 431
928 679
787 649
151 434
928 677
151 432
928 685
151 431
928 695
-1 -1
-1 -1
151 434
923 704
151 436
921 706
151 433
924 704
793 599
151 431
925 702
797 599
151 431
860 689
885 599
945 717
146 430
909 632
894 565
144 430
-1 -1
-1 -1
860 615
144 430
-1 -1
-1 -1
860 615
147 430
-1 -1
-1 -1
919 632
-1 -1
148 430
-1 -1
-1 -1
919 627
-1 -1
149 430
-1 -1
930 619
-1 -1
150 430
-1 -1
929 633
-1 -1
150 434
928 624
-1 -1
155 436
1254 564
919 632
-1 -1
158 436
-1 -1
-1 -1
911 649
-1 -1
158 433
1054 641
-1 -1
928 649
-1 -1
159 432
928 645
159 431
896 622
-1 -1
159 434
886 623
-1 -1
159 436
918 714
801 582
159 436
924 723
159 437
926 724
148 437
930 711
818 691
145 433
932 702
144 435
939 691
146 436
937 680
154 442
932 677
157 444
933 679
793 590
154 445
877 632
801 641
153 442
893 638
796 641
152 440
914 671
788 635
147 434
922 679
145 432
931 687
144 431
933 689
143 430
932 690
143 430
934 690
-1 -1
147 434
941 690
843 607
148 432
934 696
852 599
155 431
835 689
852 599
154 430
-1 -1
-1 -1
904 695
856 599
153 434
920 697
-1 -1
878 572
152 436
925 698
883 567
152 433
917 633
151 431
914 625
151 431
-1 -1
936 615
-1 -1
146 430
-1 -1
941 615
-1 -1
-1 -1
145 430
-1 -1
144 434
911 615
-1 -1
143 432
1181 666
905 615
-1 -1
143 435
-1 -1
-1 -1
-1 -1
147 436
1139 658
-1 -1
-1 -1
148 437
-1 -1
-1 -1
1139 658
-1 -1
149 437
1105 641
-1 -1
928 641
-1 -1
150 433
1054 629
-1 -1
150 431
-1 -1
-1 -1
926 619
-1 -1
150 431
-1 -1
-1 -1
919 616
-1 -1
146 430
941 714
-1 -1
877 624
144 430
944 723
-1 -1
144 430
944 718
801 590
138 424
931 717
-1 -1
827 590
140 426
934 709
146 428
939 692
148 428
941 680
155 429
942 681
158 429
938 670
801 599
159 429
931 661
796 603
155 434
933 663
794 625
157 436
930 675
158 436
929 679
784 649
-1 -1
154 437
928 681
784 649
-1 -1
153 437
928 681
156 437
932 682
-1 -1
852 624
158 437
940 694
154 437
942 704
152 437
835 691
860 607
945 717
152 437
827 687
860 607
156 437
-1 -1
-1 -1
910 672
153 437
-1 -1
-1 -1
916 638
869 615
156 437
-1 -1
903 626
158 433
1080 641
-1 -1
-1 -1
158 435
-1 -1
-1 -1
159 436
-1 -1
-1 -1
154 433
-1 -1
153 431
953 632
-1 -1
156 430
-1 -1
-1 -1
941 620
157 430
-1 -1
-1 -1
938 617
158 430
1054 658
937 633
154 424
970 652
-1 -1
-1 -1
152 422
1089 630
-1 -1
953 649
-1 -1
-1 -1
152 422
1094 631
-1 -1
934 644
-1 -1
151 421
871 656
-1 -1
919 624
-1 -1
151 421
892 632
155 425
931 714
852 590
157 427
934 723
158 428
935 708
159 429
935 701
159 429
938 697
159 429
940 695
159 429
938 682
159 429
931 682
-1 -1
159 434
922 682
-1 -1
159 432
920 682
-1 -1
155 431
-1 -1
-1 -1
914 678
153 431
912 676
-1 -1
156 430
905 679
157 430
903 686
158 430
897 688
-1 -1
159 430
888 689
725 615
159 430
880 686
-1 -1
826 658
159 430
878 695
818 599
159 430
901 703
-1 -1
836 603
159 430
861 633
159 430
860 660
835 615
159 430
-1 -1
-1 -1
900 658
-1 -1
159 430
853 606
-1 -1
-1 -1
159 430
899 619
-1 -1
-1 -1
159 430
914 626
869 565
159 430
917 629
873 565
159 430
-1 -1
860 624
159 430
-1 -1
919 632
159 430
928 641
164 430
916 645
-1 -1
885 599
166 430
-1 -1
-1 -1
911 640
-1 -1
163 430
919 649
-1 -1
-1 -1
165 430
919 644
-1 -1
-1 -1
166 430
851 636
-1 -1
-1 -1
-1 -1
167 430
844 638
-1 -1
-1 -1
-1 -1
163 430
895 715
852 632
161 430
921 723
-1 -1
846 606
793 641
161 430
-1 -1
919 724
839 601
793 641
-1 -1
155 430
919 714
152 430
919 710
146 424
931 684
776 649
148 422
934 683
149 426
935 677
793 590
145 427
933 680
147 428
931 677
148 433
924 669
149 432
921 671
767 649
155 431
920 672
767 649
157 435
919 684
158 436
924 688
852 624
-1 -1
159 437
925 696
159 437
926 698
