295 700
-1 -1
-1 -1
-1 -1
-1 -1
295 700
658 388
-1 -1
295 700
658 388
-1 -1
295 700
-1 -1
-1 -1
658 396
-1 -1
295 700
649 438
-1 -1
295 700
-1 -1
-1 -1
295 700
-1 -1
-1 -1
295 700
658 388
624 489
295 704
662 388
618 489
299 727
623 479
-1 -1
301 738
-1 -1
-1 -1
615 497
301 740
-1 -1
-1 -1
615 502
302 741
-1 -1
302 741
-1 -1
-1 -1
302 741
691 421
615 514
302 741
696 421
302 746
694 421
302 748
687 421
308 755
685 421
310 753
-1 -1
590 514
310 752
-1 -1
585 514
311 756
-1 -1
-1 -1
-1 -1
590 506
311 757
-1 -1
590 506
307 758
-1 -1
590 500
305 758
607 489
304 758
611 489
308 758
613 493
309 758
619 485
310 754
-1 -1
-1 -1
-1 -1
-1 -1
311 752
-1 -1
649 455
311 751
-1 -1
649 514
-1 -1
311 750
-1 -1
-1 -1
311 750
-1 -1
-1 -1
311 750
-1 -1
311 750
1350 421
649 447
-1 -1
311 750
-1 -1
311 750
-1 -1
-1 -1
-1 -1
311 750
-1 -1
-1 -1
-1 -1
311 745
666 388
-1 -1
658 447
-1 -1
311 743
661 388
-1 -1
311 743
-1 -1
-1 -1
658 396
-1 -1
311 742
-1 -1
658 396
624 489
-1 -1
311 742
-1 -1
624 489
311 746
-1 -1
618 489
311 747
-1 -1
616 489
311 748
666 388
616 489
311 749
-1 -1
615 489
311 749
-1 -1
615 493
311 749
-1 -1
311 749
-1 -1
311 749
-1 -1
311 749
582 506
311 749
-1 -1
-1 -1
311 749
582 514
311 749
582 514
306 749
-1 -1
-1 -1
582 514
304 749
-1 -1
-1 -1
582 514
304 749
582 514
303 749
582 509
303 749
-1 -1
582 497
307 749
-1 -1
590 506
305 749
-1 -1
595 506
-1 -1
308 755
-1 -1
-1 -1
632 371
609 494
-1 -1
310 753
620 479
-1 -1
311 751
-1 -1
615 489
-1 -1
311 751
615 489
-1 -1
311 750
-1 -1
624 497
-1 -1
311 750
1341 430
624 489
-1 -1
311 750
624 489
1366 421
-1 -1
311 750
-1 -1
311 750
-1 -1
-1 -1
-1 -1
-1 -1
311 750
-1 -1
-1 -1
-1 -1
311 750
-1 -1
624 489
-1 -1
311 750
-1 -1
-1 -1
624 483
311 750
-1 -1
658 379
615 489
-1 -1
311 750
-1 -1
-1 -1
615 493
-1 -1
311 750
658 379
615 501
311 750
-1 -1
-1 -1
311 750
649 388
311 750
-1 -1
649 388
311 750
-1 -1
311 750
-1 -1
311 745
-1 -1
311 743
-1 -1
311 743
-1 -1
311 742
-1 -1
632 362
311 746
717 447
311 744
641 371
311 743
-1 -1
624 354
311 742
590 514
311 742
590 514
311 742
-1 -1
599 514
306 742
607 497
304 742
-1 -1
615 489
304 742
-1 -1
615 500
303 742
-1 -1
-1 -1
303 742
641 388
303 742
-1 -1
-1 -1
635 479
649 388
303 746
-1 -1
649 388
303 748
-1 -1
-1 -1
303 748
649 388
-1 -1
307 749
-1 -1
309 749
658 388
-1 -1
310 749
-1 -1
649 506
-1 -1
311 749
-1 -1
-1 -1
658 388
-1 -1
311 749
-1 -1
-1 -1
-1 -1
658 388
307 749
-1 -1
-1 -1
-1 -1
649 506
-1 -1
305 749
-1 -1
-1 -1
-1 -1
304 749
658 388
-1 -1
303 749
652 388
-1 -1
-1 -1
303 749
-1 -1
-1 -1
654 388
641 514
307 749
-1 -1
-1 -1
309 749
-1 -1
-1 -1
306 745
-1 -1
309 738
-1 -1
649 388
306 735
615 506
304 734
-1 -1
304 734
-1 -1
303 734
-1 -1
683 421
303 722
623 362
-1 -1
303 723
-1 -1
664 403
303 719
683 414
303 727
608 497
303 726
592 511
-1 -1
308 730
603 513
305 732
-1 -1
304 732
632 388
304 738
-1 -1
615 506
303 736
615 497
303 735
641 397
303 729
646 396
303 727
-1 -1
-1 -1
649 396
303 726
-1 -1
-1 -1
-1 -1
303 725
658 523
-1 -1
303 729
-1 -1
-1 -1
303 731
-1 -1
-1 -1
649 430
303 732
-1 -1
303 733
-1 -1
666 396
-1 -1
261 667
-1 -1
-1 -1
254 659
-1 -1
-1 -1
253 664
658 388
-1 -1
-1 -1
300 722
-1 -1
-1 -1
658 388
-1 -1
309 731
658 388
305 733
-1 -1
-1 -1
658 396
262 668
-1 -1
261 666
-1 -1
-1 -1
658 396
284 712
-1 -1
-1 -1
658 396
297 721
-1 -1
-1 -1
301 730
-1 -1
302 727
-1 -1
262 659
615 497
282 726
682 429
295 738
-1 -1
689 422
295 720
613 351
290 706
593 353
288 702
-1 -1
287 701
582 497
286 700
-1 -1
-1 -1
286 700
-1 -1
286 700
599 379
286 700
587 504
286 700
584 505
-1 -1
286 700
586 369
-1 -1
286 700
607 388
599 480
286 700
612 393
-1 -1
286 700
-1 -1
-1 -1
599 455
-1 -1
286 700
-1 -1
603 466
286 700
607 430
1248 413
-1 -1
286 700
615 413
-1 -1
286 700
615 413
-1 -1
286 700
615 430
-1 -1
624 480
286 700
-1 -1
-1 -1
618 485
-1 -1
286 700
624 421
-1 -1
620 483
286 700
624 421
-1 -1
617 486
286 700
-1 -1
-1 -1
297 734
-1 -1
300 740
-1 -1
301 741
-1 -1
292 710
-1 -1
-1 -1
289 703
-1 -1
-1 -1
267 639
-1 -1
292 706
-1 -1
599 480
289 704
-1 -1
590 497
288 703
-1 -1
590 497
287 702
624 354
291 701
674 412
607 354
293 705
603 371
261 641
592 360
273 681
-1 -1
279 692
-1 -1
582 506
266 640
-1 -1
262 633
-1 -1
261 632
-1 -1
256 632
590 489
254 632
616 397
590 497
253 632
615 389
253 632
621 388
-1 -1
303 724
-1 -1
-1 -1
615 497
-1 -1
310 724
624 480
266 656
624 485
-1 -1
256 644
-1 -1
-1 -1
624 421
-1 -1
254 642
-1 -1
-1 -1
642 395
624 489
285 697
-1 -1
624 489
-1 -1
292 705
-1 -1
-1 -1
289 701
632 489
292 706
632 483
261 651
627 485
-1 -1
-1 -1
255 649
625 492
-1 -1
-1 -1
253 649
-1 -1
615 497
302 723
-1 -1
615 497
-1 -1
293 706
-1 -1
615 480
263 652
-1 -1
632 405
277 678
-1 -1
615 497
282 693
-1 -1
284 692
-1 -1
285 697
590 506
285 695
595 506
291 697
674 430
289 695
633 367
288 693
610 355
287 697
-1 -1
287 694
590 345
286 697
585 513
286 698
583 522
-1 -1
286 699
-1 -1
-1 -1
286 699
-1 -1
286 699
-1 -1
286 699
-1 -1
286 699
-1 -1
286 699
-1 -1
624 388
286 699
-1 -1
-1 -1
-1 -1
615 514
286 699
624 497
-1 -1
-1 -1
286 695
-1 -1
-1 -1
649 396
-1 -1
291 697
644 396
-1 -1
624 489
-1 -1
289 693
629 479
641 388
-1 -1
287 692
-1 -1
632 489
641 388
-1 -1
291 696
632 497
-1 -1
293 697
637 502
-1 -1
294 698
-1 -1
649 506
-1 -1
294 699
-1 -1
649 517
-1 -1
294 699
-1 -1
649 379
-1 -1
290 694
641 514
-1 -1
-1 -1
305 725
-1 -1
-1 -1
641 396
-1 -1
-1 -1
301 712
-1 -1
-1 -1
-1 -1
645 396
-1 -1
308 721
649 388
-1 -1
-1 -1
310 723
-1 -1
641 388
311 724
-1 -1
293 699
-1 -1
-1 -1
641 388
288 699
-1 -1
641 388
259 640
683 421
-1 -1
615 497
254 633
683 421
610 508
253 625
632 416
-1 -1
253 624
610 496
253 629
667 442
253 630
641 363
253 626
628 362
683 413
253 625
604 355
247 611
592 347
245 613
584 511
248 617
582 513
250 620
-1 -1
251 621
-1 -1
251 622
-1 -1
252 622
-1 -1
252 623
-1 -1
-1 -1
615 506
247 623
615 506
249 623
-1 -1
-1 -1
641 396
303 715
-1 -1
624 497
649 396
270 645
-1 -1
641 388
-1 -1
275 683
-1 -1
-1 -1
276 689
-1 -1
641 396
-1 -1
277 690
641 391
-1 -1
282 690
649 514
-1 -1
-1 -1
284 690
-1 -1
649 514
-1 -1
-1 -1
285 690
-1 -1
-1 -1
-1 -1
285 690
658 514
-1 -1
-1 -1
285 690
652 514
-1 -1
-1 -1
285 690
-1 -1
-1 -1
645 495
-1 -1
285 690
642 413
-1 -1
624 497
-1 -1
285 690
-1 -1
-1 -1
644 406
285 690
-1 -1
632 405
615 480
285 690
-1 -1
651 393
285 690
-1 -1
649 390
285 690
-1 -1
615 489
285 696
-1 -1
615 500
285 698
615 514
285 698
-1 -1
285 699
691 421
285 699
686 416
285 699
632 362
285 699
625 355
691 421
285 699
617 354
285 699
594 511
285 699
584 521
285 699
-1 -1
285 699
-1 -1
285 699
-1 -1
-1 -1
590 514
285 699
-1 -1
-1 -1
599 514
297 711
615 472
296 706
634 404
295 703
-1 -1
-1 -1
-1 -1
641 388
-1 -1
290 696
-1 -1
-1 -1
641 472
-1 -1
292 697
1164 413
641 490
-1 -1
293 698
641 480
641 396
-1 -1
294 698
-1 -1
645 491
-1 -1
289 694
-1 -1
649 506
-1 -1
287 692
-1 -1
649 506
-1 -1
291 696
-1 -1
649 510
-1 -1
292 697
649 514
-1 -1
293 698
644 487
-1 -1
294 699
646 396
632 489
-1 -1
294 699
-1 -1
-1 -1
632 489
649 396
-1 -1
306 718
649 396
-1 -1
301 708
654 391
624 497
291 697
-1 -1
305 717
-1 -1
309 717
-1 -1
307 717
-1 -1
306 712
607 497
305 714
611 492
304 715
619 363
304 721
622 354
303 723
619 354
675 396
291 707
612 354
691 447
669 391
288 702
674 423
662 389
-1 -1
287 701
624 365
659 389
-1 -1
286 700
618 356
286 700
681 426
-1 -1
286 700
-1 -1
286 700
-1 -1
-1 -1
290 704
-1 -1
-1 -1
288 702
-1 -1
615 480
287 701
-1 -1
-1 -1
-1 -1
615 485
305 718
-1 -1
-1 -1
649 396
615 483
-1 -1
304 717
-1 -1
624 480
-1 -1
303 717
-1 -1
-1 -1
649 396
299 712
-1 -1
649 514
-1 -1
297 705
-1 -1
649 506
-1 -1
296 702
654 494
-1 -1
296 701
-1 -1
652 499
-1 -1
295 700
-1 -1
655 498
295 700
-1 -1
656 497
-1 -1
299 704
-1 -1
-1 -1
301 705
658 497
-1 -1
301 706
-1 -1
-1 -1
649 497
-1 -1
302 707
649 430
-1 -1
641 480
-1 -1
302 707
637 480
-1 -1
308 712
642 419
310 720
-1 -1
658 396
311 723
-1 -1
652 391
301 707
-1 -1
650 389
-1 -1
297 702
-1 -1
296 701
-1 -1
624 405
295 703
615 480
289 701
615 506
291 704
641 381
292 705
684 407
305 726
631 359
683 413
304 725
674 382
308 731
-1 -1
607 354
310 732
607 362
311 738
588 513
311 736
-1 -1
261 650
-1 -1
296 702
-1 -1
260 640
649 388
615 497
298 707
-1 -1
-1 -1
615 497
261 641
632 480
273 671
-1 -1
632 489
-1 -1
293 690
-1 -1
-1 -1
649 497
-1 -1
299 702
-1 -1
649 508
-1 -1
301 706
-1 -1
649 507
299 703
-1 -1
654 495
-1 -1
297 702
652 507
-1 -1
297 701
650 506
-1 -1
300 701
-1 -1
-1 -1
-1 -1
649 514
-1 -1
298 695
649 523
300 697
-1 -1
649 514
-1 -1
298 698
658 396
-1 -1
649 502
300 703
-1 -1
-1 -1
649 504
-1 -1
301 705
632 497
-1 -1
658 396
-1 -1
302 706
632 497
-1 -1
658 396
-1 -1
261 641
-1 -1
-1 -1
658 391
298 700
658 388
-1 -1
261 641
-1 -1
299 711
-1 -1
308 722
-1 -1
649 388
310 718
-1 -1
-1 -1
311 723
615 514
311 724
615 514
307 721
682 422
309 723
682 406
306 721
-1 -1
683 413
305 719
624 354
683 413
299 713
618 354
297 710
620 358
296 709
-1 -1
-1 -1
295 703
-1 -1
-1 -1
295 701
-1 -1
-1 -1
295 700
-1 -1
615 497
289 694
-1 -1
-1 -1
615 489
287 692
-1 -1
-1 -1
620 489
286 691
658 388
635 493
286 691
-1 -1
639 495
290 695
658 497
-1 -1
292 697
-1 -1
658 497
-1 -1
298 698
658 462
-1 -1
301 699
658 456
-1 -1
301 699
-1 -1
658 514
-1 -1
298 699
-1 -1
658 509
-1 -1
-1 -1
300 699
-1 -1
658 507
-1 -1
301 699
-1 -1
-1 -1
-1 -1
298 699
658 396
-1 -1
658 447
-1 -1
296 699
-1 -1
-1 -1
658 447
-1 -1
296 699
649 514
-1 -1
-1 -1
299 704
-1 -1
-1 -1
-1 -1
624 497
301 706
-1 -1
666 396
301 706
-1 -1
666 396
298 703
-1 -1
658 396
296 702
-1 -1
-1 -1
658 396
296 695
658 396
299 702
631 407
301 705
-1 -1
301 706
-1 -1
298 703
691 413
641 362
296 701
691 413
306 711
616 362
305 710
601 355
304 714
591 347
304 715
590 345
303 716
-1 -1
582 514
303 716
-1 -1
582 514
298 712
-1 -1
297 710
-1 -1
299 709
-1 -1
-1 -1
615 497
301 708
-1 -1
-1 -1
615 497
301 713
641 405
615 492
307 714
645 405
615 490
300 705
-1 -1
649 388
-1 -1
301 702
-1 -1
649 388
-1 -1
301 701
649 455
-1 -1
302 700
649 455
-1 -1
302 700
-1 -1
632 413
302 700
-1 -1
632 413
302 700
-1 -1
649 506
-1 -1
302 700
-1 -1
-1 -1
302 700
-1 -1
649 497
302 704
-1 -1
649 464
-1 -1
302 706
-1 -1
-1 -1
637 482
-1 -1
302 706
-1 -1
-1 -1
634 486
-1 -1
307 712
633 423
310 715
-1 -1
632 396
310 716
-1 -1
651 391
311 716
-1 -1
655 389
307 712
-1 -1
299 704
683 413
624 405
297 695
-1 -1
296 697
-1 -1
289 693
691 413
291 695
691 413
292 697
686 413
632 362
293 698
684 413
632 362
293 698
687 417
294 699
599 504
294 699
599 498
294 699
599 497
299 704
-1 -1
-1 -1
300 705
-1 -1
-1 -1
301 706
-1 -1
658 396
624 497
302 707
-1 -1
658 396
618 497
302 707
-1 -1
-1 -1
638 470
649 396
298 696
-1 -1
-1 -1
648 406
300 697
-1 -1
649 523
301 698
658 396
-1 -1
302 699
-1 -1
658 480
-1 -1
302 699
-1 -1
302 699
649 430
-1 -1
302 699
658 506
-1 -1
302 699
-1 -1
658 514
-1 -1
302 699
658 514
-1 -1
302 699
658 509
-1 -1
302 699
658 507
-1 -1
302 704
658 510
-1 -1
-1 -1
302 706
-1 -1
-1 -1
652 511
-1 -1
302 706
649 514
-1 -1
302 707
-1 -1
302 707
-1 -1
658 396
302 707
-1 -1
-1 -1
658 396
302 703
624 514
298 695
650 405
300 697
-1 -1
297 693
-1 -1
296 692
-1 -1
290 691
683 405
-1 -1
291 695
678 399
-1 -1
297 703
623 361
300 705
609 355
307 713
592 347
310 715
583 511
262 641
582 498
297 699
582 505
306 711
-1 -1
-1 -1
590 497
262 642
590 514
298 701
590 363
590 506
301 700
608 370
608 500
302 700
612 469
298 695
651 406
300 697
-1 -1
649 388
301 698
649 497
298 694
-1 -1
649 506
-1 -1
300 697
649 506
-1 -1
301 698
649 506
-1 -1
302 699
-1 -1
-1 -1
649 506
307 699
-1 -1
649 510
-1 -1
310 699
-1 -1
-1 -1
310 704
-1 -1
649 506
311 702
649 388
-1 -1
644 500
-1 -1
311 705
637 479
-1 -1
-1 -1
311 706
634 479
-1 -1
658 396
-1 -1
261 641
-1 -1
-1 -1
658 396
295 700
-1 -1
-1 -1
658 388
305 712
-1 -1
658 388
309 715
-1 -1
-1 -1
658 388
269 642
-1 -1
-1 -1
298 700
-1 -1
307 712
-1 -1
-1 -1
269 642
649 396
299 701
699 422
301 705
706 421
308 713
701 421
310 710
694 412
311 709
634 362
691 413
311 714
610 355
691 417
311 715
-1 -1
261 633
590 506
296 697
-1 -1
-1 -1
-1 -1
306 718
615 354
309 723
620 380
310 719
-1 -1
615 489
311 718
-1 -1
615 489
311 713
-1 -1
632 480
658 396
311 711
658 388
649 531
307 704
-1 -1
-1 -1
658 396
299 695
-1 -1
-1 -1
658 396
306 709
-1 -1
-1 -1
658 506
-1 -1
269 641
-1 -1
-1 -1
658 506
-1 -1
262 633
-1 -1
658 506
-1 -1
299 702
-1 -1
658 517
-1 -1
270 652
658 514
-1 -1
292 696
-1 -1
658 514
-1 -1
306 712
-1 -1
-1 -1
658 506
-1 -1
270 652
-1 -1
-1 -1
658 514
-1 -1
257 635
658 396
259 632
652 504
-1 -1
301 696
654 419
-1 -1
302 705
-1 -1
658 396
263 644
649 396
255 634
649 396
301 713
-1 -1
658 388
272 646
-1 -1
303 705
683 413
309 721
687 417
263 653
689 415
255 635
632 370
683 405
253 626
-1 -1
624 362
253 630
599 379
642 397
253 625
599 374
653 409
253 624
-1 -1
253 624
615 354
253 624
615 354
253 624
604 504
253 624
-1 -1
-1 -1
253 624
-1 -1
632 388
253 627
-1 -1
615 506
253 626
-1 -1
626 500
253 625
-1 -1
-1 -1
649 396
629 485
253 628
-1 -1
-1 -1
637 487
253 630
-1 -1
639 488
294 699
658 480
301 706
658 480
265 647
-1 -1
658 388
-1 -1
303 698
-1 -1
658 388
-1 -1
-1 -1
309 713
-1 -1
305 709
658 388
-1 -1
309 715
1046 632
662 388
-1 -1
311 716
-1 -1
-1 -1
-1 -1
311 716
-1 -1
-1 -1
-1 -1
311 716
-1 -1
-1 -1
-1 -1
-1 -1
311 716
-1 -1
-1 -1
658 438
-1 -1
311 716
649 523
-1 -1
311 716
-1 -1
-1 -1
654 397
-1 -1
311 716
-1 -1
-1 -1
656 388
-1 -1
311 716
-1 -1
-1 -1
658 396
311 716
-1 -1
-1 -1
311 721
658 388
632 514
261 641
658 388
-1 -1
627 514
254 633
662 392
253 632
684 414
300 712
679 413
309 722
657 380
311 724
-1 -1
691 413
311 724
-1 -1
686 408
311 724
615 354
684 406
311 731
615 354
311 732
620 354
691 421
-1 -1
311 733
622 354
691 421
-1 -1
311 733
612 504
311 733
-1 -1
-1 -1
615 514
311 733
632 388
311 729
651 392
311 727
-1 -1
632 489
649 396
311 726
-1 -1
632 489
311 725
-1 -1
-1 -1
658 388
311 720
-1 -1
-1 -1
652 504
666 396
311 718
-1 -1
661 438
311 718
-1 -1
-1 -1
-1 -1
311 717
-1 -1
-1 -1
311 717
-1 -1
-1 -1
311 717
-1 -1
311 721
658 396
-1 -1
311 722
-1 -1
-1 -1
662 396
311 720
-1 -1
-1 -1
664 391
311 722
-1 -1
664 393
311 723
658 413
-1 -1
-1 -1
311 724
-1 -1
-1 -1
658 405
-1 -1
-1 -1
311 720
658 396
-1 -1
658 439
-1 -1
311 718
658 396
-1 -1
658 506
-1 -1
316 721
652 504
318 723
654 409
641 514
315 720
-1 -1
314 718
666 396
313 718
661 396
316 721
659 396
314 719
659 396
313 718
631 487
313 721
671 441
-1 -1
312 723
679 417
-1 -1
312 723
681 409
-1 -1
316 729
-1 -1
-1 -1
625 362
318 732
602 347
-1 -1
315 729
592 510
313 727
661 463
313 726
601 492
-1 -1
312 726
-1 -1
590 506
312 725
-1 -1
-1 -1
599 514
312 725
-1 -1
615 523
312 725
590 354
-1 -1
615 511
312 720
608 496
312 718
626 432
624 489
312 721
-1 -1
-1 -1
637 483
-1 -1
312 719
646 495
-1 -1
-1 -1
312 718
648 496
-1 -1
-1 -1
312 717
648 401
649 497
312 717
648 390
649 502
312 717
-1 -1
649 506
312 721
-1 -1
649 506
312 723
649 506
312 723
-1 -1
-1 -1
649 514
312 724
-1 -1
-1 -1
649 472
-1 -1
312 724
649 447
-1 -1
-1 -1
312 724
644 472
-1 -1
-1 -1
312 720
652 398
-1 -1
-1 -1
-1 -1
312 718
651 389
-1 -1
-1 -1
-1 -1
312 721
661 394
624 480
312 723
-1 -1
-1 -1
624 485
658 388
312 723
-1 -1
-1 -1
624 487
658 388
-1 -1
312 724
-1 -1
312 724
-1 -1
312 720
717 447
615 489
312 722
705 427
312 723
632 361
708 421
312 723
653 385
312 724
612 365
312 724
600 362
312 724
599 362
691 447
312 724
599 362
691 447
312 724
-1 -1
312 724
-1 -1
658 396
-1 -1
312 720
691 421
312 722
691 426
