388 219
1290 556
-1 -1
-1 -1
-1 -1
392 219
1332 606
-1 -1
394 219
1339 613
-1 -1
394 219
1330 602
1240 540
-1 -1
-1 -1
395 219
1327 597
-1 -1
395 219
-1 -1
-1 -1
395 219
-1 -1
-1 -1
395 219
1155 480
-1 -1
395 219
1113 454
-1 -1
391 219
1202 426
-1 -1
389 223
1156 376
-1 -1
-1 -1
392 225
-1 -1
-1 -1
-1 -1
394 225
-1 -1
394 222
-1 -1
-1 -1
395 224
1012 295
-1 -1
395 225
944 289
395 226
944 287
391 226
950 291
389 226
956 292
389 226
977 293
-1 -1
388 226
983 306
-1 -1
388 226
995 329
-1 -1
-1 -1
-1 -1
388 226
995 320
-1 -1
388 226
995 338
-1 -1
388 226
1078 349
388 226
1102 381
388 226
1150 416
388 226
1162 450
388 226
1223 464
-1 -1
-1 -1
-1 -1
388 226
-1 -1
-1 -1
388 226
1341 615
-1 -1
-1 -1
388 226
-1 -1
-1 -1
388 226
-1 -1
-1 -1
388 226
-1 -1
388 226
-1 -1
-1 -1
-1 -1
388 226
-1 -1
388 226
1392 683
-1 -1
-1 -1
388 226
-1 -1
1299 556
-1 -1
388 226
-1 -1
1274 523
-1 -1
-1 -1
388 226
1316 599
-1 -1
388 226
1304 579
1240 523
-1 -1
-1 -1
388 226
-1 -1
-1 -1
-1 -1
-1 -1
388 226
1265 497
-1 -1
388 226
1260 471
-1 -1
388 226
1230 420
-1 -1
388 226
1187 383
-1 -1
388 226
1151 348
-1 -1
388 226
1085 306
-1 -1
388 226
-1 -1
388 226
978 286
388 226
966 286
388 226
926 291
388 226
937 306
-1 -1
388 232
959 316
388 230
972 325
388 228
982 327
-1 -1
-1 -1
388 228
-1 -1
-1 -1
-1 -1
388 227
1012 354
388 227
1023 354
388 227
1047 404
-1 -1
388 227
-1 -1
-1 -1
388 232
1139 447
-1 -1
-1 -1
388 234
1181 464
-1 -1
-1 -1
-1 -1
-1 -1
382 234
1189 489
-1 -1
380 235
1215 531
-1 -1
-1 -1
380 235
1315 633
-1 -1
379 235
-1 -1
-1 -1
-1 -1
383 231
-1 -1
-1 -1
-1 -1
385 229
-1 -1
-1 -1
-1 -1
386 228
-1 -1
387 227
-1 -1
1333 590
-1 -1
-1 -1
387 227
1231 624
1290 624
-1 -1
387 227
1250 573
-1 -1
-1 -1
387 227
-1 -1
1274 599
-1 -1
387 227
1257 565
-1 -1
-1 -1
-1 -1
392 227
-1 -1
1231 531
-1 -1
-1 -1
394 227
1248 531
-1 -1
394 227
1206 463
-1 -1
395 222
1169 417
395 220
-1 -1
-1 -1
395 223
-1 -1
395 224
1004 329
391 225
1045 317
389 222
1039 307
383 220
1014 298
380 220
977 296
-1 -1
374 223
971 303
376 221
979 307
373 220
983 309
-1 -1
372 219
1003 322
365 219
1038 339
357 219
1066 343
-1 -1
355 219
983 351
354 219
994 353
-1 -1
348 219
1111 389
-1 -1
346 219
-1 -1
1172 421
345 219
1164 438
345 219
1215 506
-1 -1
-1 -1
-1 -1
345 219
-1 -1
-1 -1
345 219
1324 607
-1 -1
345 213
-1 -1
-1 -1
345 215
-1 -1
345 212
-1 -1
-1 -1
345 211
-1 -1
-1 -1
-1 -1
345 215
1324 590
-1 -1
-1 -1
-1 -1
345 216
1299 573
-1 -1
-1 -1
-1 -1
345 217
1299 556
-1 -1
-1 -1
-1 -1
-1 -1
345 218
1341 590
1299 556
-1 -1
345 218
1314 595
-1 -1
345 218
1263 556
1206 506
-1 -1
345 218
1164 489
-1 -1
-1 -1
-1 -1
345 218
1248 480
-1 -1
345 218
1229 445
-1 -1
345 218
1113 369
345 218
1141 362
-1 -1
340 218
1109 324
338 218
1074 313
338 223
1024 289
332 225
-1 -1
-1 -1
330 225
953 295
-1 -1
329 226
-1 -1
-1 -1
329 226
970 303
329 226
996 314
329 226
1008 317
-1 -1
329 226
1047 331
329 226
994 364
329 226
998 357
329 226
1103 360
-1 -1
329 226
1150 390
329 226
1178 424
329 226
1180 467
329 232
1203 486
-1 -1
-1 -1
323 234
1240 489
-1 -1
-1 -1
321 234
-1 -1
-1 -1
321 235
-1 -1
-1 -1
320 235
-1 -1
1324 599
-1 -1
320 235
1358 658
320 235
1384 638
-1 -1
-1 -1
320 235
-1 -1
-1 -1
320 231
-1 -1
1299 556
320 233
1350 615
1290 573
-1 -1
320 234
1314 580
1240 497
-1 -1
-1 -1
320 234
1279 545
320 235
-1 -1
-1 -1
-1 -1
315 235
1248 464
313 235
1222 428
-1 -1
-1 -1
313 235
1194 393
-1 -1
-1 -1
312 230
1152 350
-1 -1
312 228
1085 323
312 232
1056 305
312 233
999 296
312 234
972 295
306 235
-1 -1
-1 -1
304 235
945 303
304 235
963 308
303 235
974 323
303 235
1005 340
303 240
-1 -1
987 362
298 238
953 438
300 241
-1 -1
297 239
1029 438
296 237
-1 -1
-1 -1
295 237
1105 480
-1 -1
295 240
1139 491
-1 -1
295 242
1256 605
-1 -1
295 242
1241 599
-1 -1
-1 -1
-1 -1
295 243
-1 -1
-1 -1
295 243
-1 -1
-1 -1
-1 -1
295 243
-1 -1
-1 -1
299 243
-1 -1
-1 -1
301 239
1265 590
-1 -1
-1 -1
301 241
1276 595
-1 -1
-1 -1
-1 -1
302 238
-1 -1
1240 565
-1 -1
302 237
-1 -1
1240 565
-1 -1
298 236
1257 582
-1 -1
300 236
1245 555
297 236
1221 520
296 236
1202 484
295 236
-1 -1
-1 -1
295 236
-1 -1
-1 -1
295 240
1105 345
295 242
1078 340
-1 -1
289 239
1035 325
-1 -1
291 241
1030 322
-1 -1
288 242
976 315
287 239
955 313
-1 -1
286 237
946 312
286 240
951 312
281 238
962 322
283 237
976 332
-1 -1
284 240
1011 348
280 242
-1 -1
279 242
970 362
282 243
-1 -1
280 243
1088 447
-1 -1
282 243
1122 458
280 243
1142 461
-1 -1
279 239
1240 556
1189 489
-1 -1
-1 -1
278 237
1286 586
278 237
1289 644
-1 -1
282 236
1240 556
-1 -1
-1 -1
-1 -1
284 236
1240 556
-1 -1
-1 -1
-1 -1
284 236
1333 675
-1 -1
-1 -1
290 240
1333 669
-1 -1
289 242
1333 631
288 242
1333 631
287 243
1306 604
1215 523
-1 -1
287 239
-1 -1
1231 548
-1 -1
286 238
1248 540
-1 -1
286 237
1248 540
-1 -1
-1 -1
286 236
1222 488
-1 -1
286 240
1194 435
-1 -1
286 242
1160 399
-1 -1
286 239
1126 357
286 237
1091 331
286 237
1065 314
286 236
1024 304
286 236
990 303
281 236
972 303
279 236
962 308
279 236
954 310
278 236
953 320
278 240
953 320
282 242
946 324
-1 -1
283 242
916 370
961 329
284 243
-1 -1
285 243
-1 -1
281 239
-1 -1
279 238
1063 405
279 237
1097 423
-1 -1
278 236
-1 -1
1155 447
-1 -1
-1 -1
278 240
1130 548
1198 464
-1 -1
278 242
1231 548
-1 -1
-1 -1
-1 -1
278 242
1257 624
-1 -1
-1 -1
-1 -1
278 243
1291 635
-1 -1
-1 -1
278 243
-1 -1
-1 -1
-1 -1
-1 -1
278 243
-1 -1
-1 -1
278 239
-1 -1
-1 -1
278 237
-1 -1
-1 -1
-1 -1
278 237
-1 -1
-1 -1
-1 -1
278 236
1324 658
-1 -1
-1 -1
278 236
1324 615
1274 573
-1 -1
278 236
1231 531
-1 -1
-1 -1
-1 -1
-1 -1
278 236
1265 573
1215 514
-1 -1
-1 -1
-1 -1
278 236
1246 547
1172 472
-1 -1
278 236
1196 471
-1 -1
278 236
1175 441
278 240
1150 408
-1 -1
-1 -1
278 242
1011 358
-1 -1
278 239
1085 346
-1 -1
-1 -1
278 237
1087 322
-1 -1
278 237
1058 313
278 236
278 236
1024 304
278 236
1006 303
278 236
973 303
278 236
970 308
-1 -1
278 236
970 312
278 236
975 312
278 236
977 322
273 236
994 325
271 236
1029 354
271 236
1035 360
270 236
-1 -1
270 240
-1 -1
270 238
-1 -1
-1 -1
-1 -1
270 237
1139 438
270 237
-1 -1
1181 455
-1 -1
274 236
-1 -1
-1 -1
-1 -1
276 240
1299 573
-1 -1
-1 -1
273 242
1303 607
-1 -1
271 239
-1 -1
-1 -1
-1 -1
274 237
-1 -1
-1 -1
276 240
-1 -1
-1 -1
-1 -1
276 238
-1 -1
-1 -1
-1 -1
-1 -1
277 237
-1 -1
987 523
-1 -1
277 237
1333 649
987 523
-1 -1
277 240
-1 -1
1265 573
967 527
277 242
1231 514
-1 -1
-1 -1
-1 -1
277 242
-1 -1
1215 497
-1 -1
-1 -1
277 243
1164 455
-1 -1
-1 -1
277 239
1248 506
-1 -1
-1 -1
277 241
1222 471
-1 -1
277 238
1178 419
-1 -1
277 237
1127 375
-1 -1
277 240
-1 -1
-1 -1
277 242
1096 320
277 242
1061 308
277 243
1025 305
277 243
998 298
277 243
980 296
277 239
971 298
-1 -1
277 237
976 312
277 240
984 317
277 242
1001 331
277 239
-1 -1
277 237
1080 371
282 240
1090 389
-1 -1
-1 -1
284 242
1115 415
-1 -1
-1 -1
284 242
1120 442
285 243
1135 475
285 239
1189 489
-1 -1
-1 -1
-1 -1
-1 -1
285 237
-1 -1
1282 582
-1 -1
-1 -1
285 237
-1 -1
-1 -1
-1 -1
285 236
-1 -1
-1 -1
-1 -1
285 236
-1 -1
-1 -1
-1 -1
285 236
-1 -1
-1 -1
-1 -1
285 236
1299 666
-1 -1
-1 -1
285 236
1325 661
-1 -1
-1 -1
285 236
1330 646
-1 -1
285 236
1309 629
-1 -1
285 236
1308 595
-1 -1
-1 -1
285 236
-1 -1
1206 489
-1 -1
-1 -1
-1 -1
285 236
-1 -1
1189 480
285 236
1223 489
-1 -1
285 240
1211 462
285 242
1187 419
285 239
1145 376
285 238
1116 340
285 240
1083 322
285 242
1033 305
281 239
998 296
279 241
964 295
279 242
946 300
-1 -1
282 243
937 302
-1 -1
-1 -1
283 243
943 306
-1 -1
286 244
281 243
954 313
-1 -1
281 244
279 243
966 316
279 243
995 330
278 244
278 243
1007 334
278 243
1031 349
-1 -1
282 243
-1 -1
-1 -1
284 243
-1 -1
-1 -1
284 249
1155 405
-1 -1
-1 -1
-1 -1
285 247
1172 430
-1 -1
-1 -1
-1 -1
-1 -1
285 245
1198 489
-1 -1
-1 -1
281 245
-1 -1
1248 556
-1 -1
283 244
-1 -1
-1 -1
-1 -1
280 244
-1 -1
-1 -1
-1 -1
283 244
-1 -1
-1 -1
284 244
1341 649
-1 -1
-1 -1
284 244
1352 654
-1 -1
285 239
1299 615
-1 -1
-1 -1
285 241
-1 -1
-1 -1
285 242
1341 658
-1 -1
285 242
1329 631
1265 523
-1 -1
-1 -1
285 243
1326 596
1231 531
-1 -1
-1 -1
285 243
-1 -1
-1 -1
285 239
-1 -1
285 241
1231 480
-1 -1
285 242
1220 454
-1 -1
285 242
1179 403
-1 -1
-1 -1
285 243
1158 366
285 243
1110 332
-1 -1
285 243
1074 314
285 243
1024 304
285 243
997 288
285 243
964 286
285 243
961 297
-1 -1
285 243
961 302
285 243
961 302
-1 -1
285 239
970 312
285 237
1000 337
285 237
-1 -1
285 240
1071 354
285 241
1020 404
285 242
1044 411
-1 -1
285 243
-1 -1
1130 396
-1 -1
285 243
1139 455
285 243
1180 481
-1 -1
-1 -1
285 243
1231 531
-1 -1
-1 -1
-1 -1
285 243
-1 -1
-1 -1
-1 -1
285 243
-1 -1
-1 -1
285 243
-1 -1
-1 -1
-1 -1
285 239
-1 -1
-1 -1
285 241
-1 -1
-1 -1
285 242
1324 649
1299 599
-1 -1
-1 -1
-1 -1
285 242
1324 649
285 243
1335 644
-1 -1
-1 -1
285 243
-1 -1
1257 523
-1 -1
285 243
1290 556
1240 523
-1 -1
-1 -1
285 243
1271 545
1206 480
-1 -1
-1 -1
285 243
1267 535
1206 485
-1 -1
-1 -1
285 243
1096 447
-1 -1
-1 -1
285 243
1163 427
-1 -1
285 243
1150 394
285 243
1148 366
291 243
1098 333
-1 -1
293 243
1075 314
-1 -1
293 249
1034 304
294 247
1029 303
294 250
967 289
294 251
947 293
294 252
952 298
-1 -1
294 252
952 300
-1 -1
294 252
969 312
294 252
977 316
294 252
-1 -1
-1 -1
294 252
-1 -1
-1 -1
294 252
1029 405
-1 -1
294 252
1055 463
-1 -1
294 252
1114 447
-1 -1
-1 -1
294 252
1113 442
-1 -1
-1 -1
294 252
1182 482
-1 -1
294 252
1188 487
-1 -1
294 252
1300 599
-1 -1
294 252
1330 645
-1 -1
-1 -1
294 252
-1 -1
-1 -1
294 252
-1 -1
-1 -1
294 252
-1 -1
-1 -1
-1 -1
294 252
-1 -1
-1 -1
-1 -1
-1 -1
294 252
-1 -1
-1 -1
-1 -1
294 252
1333 649
1299 556
-1 -1
294 252
-1 -1
1265 540
-1 -1
-1 -1
294 252
-1 -1
1265 540
-1 -1
-1 -1
294 252
-1 -1
1206 514
-1 -1
294 252
1223 489
-1 -1
-1 -1
-1 -1
289 247
1240 480
-1 -1
287 245
1240 480
-1 -1
287 249
1197 421
-1 -1
286 250
1190 414
-1 -1
-1 -1
286 251
1087 335
286 252
1080 314
286 247
1040 304
286 245
1037 303
286 245
991 288
-1 -1
286 244
987 286
286 248
964 296
286 250
961 299
286 251
967 305
286 252
969 307
286 252
1001 329
-1 -1
286 252
1008 334
-1 -1
286 252
-1 -1
286 252
-1 -1
286 252
-1 -1
-1 -1
-1 -1
286 252
-1 -1
-1 -1
-1 -1
286 252
1164 472
-1 -1
286 252
1164 472
-1 -1
286 252
-1 -1
-1 -1
-1 -1
286 252
-1 -1
-1 -1
-1 -1
286 252
-1 -1
-1 -1
286 247
-1 -1
-1 -1
291 249
-1 -1
-1 -1
293 246
-1 -1
-1 -1
293 245
-1 -1
-1 -1
-1 -1
294 244
-1 -1
-1 -1
294 244
1350 624
-1 -1
294 244
1323 612
-1 -1
-1 -1
294 244
-1 -1
1240 531
-1 -1
-1 -1
294 244
-1 -1
1240 531
-1 -1
-1 -1
294 244
-1 -1
294 244
1231 480
-1 -1
294 244
1220 454
-1 -1
294 244
1217 449
-1 -1
294 244
1155 370
294 244
1109 324
-1 -1
294 249
1058 305
294 246
1023 288
294 245
981 286
294 249
955 286
294 247
946 292
-1 -1
294 245
951 287
-1 -1
294 245
964 301
294 244
973 313
294 244
1002 330
294 244
1008 335
294 244
-1 -1
-1 -1
294 249
1105 379
-1 -1
294 247
-1 -1
-1 -1
-1 -1
294 245
-1 -1
-1 -1
-1 -1
294 245
1189 447
-1 -1
-1 -1
-1 -1
294 244
1231 489
-1 -1
-1 -1
294 244
-1 -1
-1 -1
294 249
1341 590
-1 -1
294 247
-1 -1
-1 -1
-1 -1
294 245
-1 -1
294 245
-1 -1
-1 -1
294 244
-1 -1
-1 -1
294 244
-1 -1
-1 -1
-1 -1
294 244
-1 -1
-1 -1
294 244
1358 632
-1 -1
294 244
1358 632
-1 -1
294 244
-1 -1
1265 523
-1 -1
294 244
1231 489
-1 -1
-1 -1
-1 -1
294 244
-1 -1
1172 506
294 244
1257 497
294 244
1245 478
-1 -1
294 244
-1 -1
-1 -1
-1 -1
294 244
1172 379
294 244
1130 352
294 244
1085 318
294 244
1041 305
294 244
998 289
294 244
949 293
-1 -1
294 249
945 287
-1 -1
294 247
945 294
299 250
937 297
297 247
948 305
296 246
965 314
299 245
1003 338
301 244
-1 -1
298 244
-1 -1
-1 -1
-1 -1
300 244
-1 -1
301 244
1080 438
-1 -1
298 244
1084 443
-1 -1
296 244
1106 465
296 244
1156 499
295 244
1258 575
-1 -1
295 244
1320 611
295 244
-1 -1
-1 -1
-1 -1
295 244
-1 -1
-1 -1
295 244
-1 -1
-1 -1
295 244
-1 -1
1341 658
-1 -1
295 244
-1 -1
-1 -1
-1 -1
295 244
-1 -1
-1 -1
295 244
1324 641
-1 -1
295 244
1305 614
1265 556
-1 -1
-1 -1
295 244
-1 -1
1257 531
-1 -1
295 244
-1 -1
1215 514
-1 -1
-1 -1
295 244
1240 506
-1 -1
-1 -1
295 244
1228 486
-1 -1
-1 -1
295 244
-1 -1
-1 -1
295 244
-1 -1
-1 -1
-1 -1
295 249
1105 354
-1 -1
295 251
1093 342
295 251
1090 339
-1 -1
295 248
1044 309
295 246
1000 304
295 245
973 303
295 244
970 303
289 244
955 303
287 244
959 306
-1 -1
287 244
960 308
-1 -1
286 244
966 309
286 244
985 322
286 244
953 396
978 362
286 244
286 244
983 396
286 244
-1 -1
286 244
-1 -1
-1 -1
286 244
-1 -1
-1 -1
286 244
1147 438
-1 -1
-1 -1
286 244
1181 438
-1 -1
286 244
-1 -1
1231 506
-1 -1
286 244
-1 -1
1231 506
-1 -1
286 244
-1 -1
1299 590
-1 -1
-1 -1
286 244
1299 624
-1 -1
-1 -1
-1 -1
286 244
-1 -1
-1 -1
-1 -1
286 244
-1 -1
-1 -1
-1 -1
286 244
1341 649
-1 -1
281 244
1341 622
-1 -1
-1 -1
279 244
1290 582
-1 -1
-1 -1
-1 -1
282 244
-1 -1
1282 556
-1 -1
-1 -1
283 244
1290 582
281 244
1279 555
-1 -1
283 249
1262 512
-1 -1
284 251
1236 476
-1 -1
284 251
1170 418
285 252
1179 420
285 248
1151 367
-1 -1
281 250
1085 332
279 251
1072 313
279 252
1040 304
278 252
998 288
278 252
972 286
-1 -1
282 252
947 292
-1 -1
284 252
921 294
-1 -1
284 252
933 298
-1 -1
285 252
946 304
285 252
953 308
285 252
956 309
285 252
986 315
285 252
1030 324
-1 -1
285 252
-1 -1
-1 -1
285 252
-1 -1
-1 -1
285 252
1071 405
-1 -1
285 252
1164 413
-1 -1
-1 -1
-1 -1
281 247
-1 -1
1181 438
-1 -1
279 245
1181 438
-1 -1
282 249
1272 538
280 246
1273 554
282 249
-1 -1
-1 -1
-1 -1
284 246
-1 -1
-1 -1
-1 -1
286 244
284 245
-1 -1
285 244
-1 -1
-1 -1
285 244
1366 658
-1 -1
-1 -1
285 244
1366 652
-1 -1
-1 -1
285 244
-1 -1
1333 556
-1 -1
285 244
1333 556
-1 -1
-1 -1
-1 -1
285 244
1299 582
1274 531
-1 -1
-1 -1
285 244
-1 -1
-1 -1
285 244
1231 480
-1 -1
-1 -1
-1 -1
285 244
1231 480
-1 -1
-1 -1
-1 -1
285 244
1206 438
-1 -1
-1 -1
285 244
1211 438
-1 -1
285 244
-1 -1
-1 -1
285 244
1139 345
-1 -1
-1 -1
285 244
1103 334
285 244
1076 317
285 244
1041 306
285 244
1008 297
285 244
989 295
-1 -1
291 244
972 295
-1 -1
289 244
970 298
-1 -1
287 244
970 299
287 244
979 306
-1 -1
286 244
286 244
978 309
-1 -1
286 244
286 239
1002 323
286 237
1030 326
-1 -1
-1 -1
286 237
1058 340
286 240
1091 357
286 241
-1 -1
-1 -1
-1 -1
286 242
-1 -1
-1 -1
286 243
1172 438
-1 -1
-1 -1
291 243
1215 447
-1 -1
-1 -1
-1 -1
289 243
-1 -1
-1 -1
287 243
-1 -1
-1 -1
-1 -1
291 243
-1 -1
-1 -1
289 243
-1 -1
-1 -1
292 243
-1 -1
293 243
-1 -1
-1 -1
294 243
-1 -1
1324 607
-1 -1
294 243
-1 -1
1324 602
-1 -1
294 243
1358 624
-1 -1
294 243
1353 612
-1 -1
-1 -1
294 243
1338 595
1299 548
-1 -1
-1 -1
295 244
294 243
-1 -1
1240 506
-1 -1
-1 -1
294 243
1257 506
-1 -1
-1 -1
-1 -1
294 243
1261 500
290 243
1253 471
-1 -1
288 243
1222 427
287 243
1146 383
286 243
1153 364
286 243
1125 332
286 243
1122 329
286 243
1043 306
286 243
966 296
-1 -1
286 243
976 287
-1 -1
286 243
977 286
-1 -1
286 243
928 303
-1 -1
-1 -1
286 243
-1 -1
928 303
290 243
953 320
292 243
979 331
293 243
1006 348
295 244
294 243
1040 373
-1 -1
294 243
1022 415
-1 -1
-1 -1
294 243
-1 -1
-1 -1
294 243
1113 421
-1 -1
-1 -1
290 243
1094 447
288 243
1129 467
-1 -1
287 243
1181 506
-1 -1
1174 500
-1 -1
286 243
1274 559
1231 556
-1 -1
286 243
-1 -1
1231 556
-1 -1
286 243
1324 649
-1 -1
286 243
1324 649
-1 -1
286 243
1305 644
-1 -1
286 243
1315 675
-1 -1
286 243
1333 670
286 243
1333 657
1299 556
-1 -1
290 243
-1 -1
1240 531
-1 -1
-1 -1
288 243
-1 -1
1257 548
-1 -1
287 243
1265 548
-1 -1
-1 -1
287 243
1260 529
1164 455
-1 -1
-1 -1
286 243
1258 525
1189 480
-1 -1
-1 -1
286 243
1222 471
-1 -1
291 243
1154 418
-1 -1
-1 -1
-1 -1
293 243
-1 -1
-1 -1
-1 -1
-1 -1
295 244
289 243
-1 -1
288 243
-1 -1
287 243
1054 312
-1 -1
291 249
1019 306
289 247
999 299
-1 -1
292 245
974 296
289 245
956 298
292 244
953 300
289 244
953 301
-1 -1
287 244
953 301
-1 -1
287 244
959 307
286 244
978 315
-1 -1
-1 -1
286 244
1028 338
286 244
1035 343
