388 641
1383 447
-1 -1
-1 -1
-1 -1
388 641
1332 420
-1 -1
388 641
1325 415
-1 -1
388 641
-1 -1
1282 388
-1 -1
-1 -1
388 641
1282 388
-1 -1
388 641
-1 -1
-1 -1
388 641
-1 -1
-1 -1
388 641
-1 -1
-1 -1
388 641
-1 -1
-1 -1
388 641
-1 -1
-1 -1
388 641
-1 -1
-1 -1
-1 -1
388 641
-1 -1
-1 -1
-1 -1
388 641
-1 -1
388 641
-1 -1
-1 -1
382 641
759 421
-1 -1
380 641
-1 -1
380 641
-1 -1
379 641
-1 -1
379 645
-1 -1
379 647
-1 -1
-1 -1
379 647
-1 -1
-1 -1
379 648
885 210
-1 -1
-1 -1
-1 -1
383 648
928 210
-1 -1
381 644
969 215
-1 -1
385 643
1046 217
386 642
-1 -1
387 641
1172 278
387 641
1214 304
387 641
1274 345
-1 -1
-1 -1
-1 -1
387 641
-1 -1
-1 -1
387 641
1383 455
-1 -1
-1 -1
387 641
-1 -1
-1 -1
387 641
-1 -1
-1 -1
387 641
-1 -1
387 641
-1 -1
-1 -1
-1 -1
387 641
-1 -1
387 641
-1 -1
-1 -1
-1 -1
387 635
-1 -1
1409 472
-1 -1
387 633
-1 -1
1358 447
-1 -1
-1 -1
387 633
1307 413
-1 -1
387 636
-1 -1
1282 396
-1 -1
-1 -1
387 634
-1 -1
-1 -1
-1 -1
-1 -1
387 637
-1 -1
-1 -1
387 639
885 312
-1 -1
387 639
-1 -1
-1 -1
387 640
-1 -1
-1 -1
387 640
-1 -1
-1 -1
387 640
-1 -1
-1 -1
387 640
-1 -1
387 640
-1 -1
387 645
-1 -1
382 643
-1 -1
380 646
-1 -1
-1 -1
380 647
-1 -1
379 648
-1 -1
379 648
-1 -1
-1 -1
-1 -1
379 648
-1 -1
-1 -1
-1 -1
379 648
936 219
379 648
978 237
379 648
1047 248
-1 -1
379 644
-1 -1
-1 -1
379 642
1164 303
-1 -1
-1 -1
383 642
1231 354
-1 -1
-1 -1
-1 -1
-1 -1
381 636
1290 405
-1 -1
380 633
1332 446
-1 -1
-1 -1
384 636
-1 -1
-1 -1
386 638
-1 -1
-1 -1
-1 -1
387 639
-1 -1
-1 -1
-1 -1
382 635
-1 -1
-1 -1
-1 -1
381 633
-1 -1
384 637
-1 -1
1434 523
-1 -1
-1 -1
386 638
-1 -1
1417 480
-1 -1
386 639
1350 472
-1 -1
-1 -1
387 635
-1 -1
1307 447
-1 -1
387 638
1265 413
-1 -1
-1 -1
-1 -1
382 635
-1 -1
1223 379
-1 -1
-1 -1
385 633
-1 -1
-1 -1
386 632
-1 -1
-1 -1
386 637
-1 -1
387 638
-1 -1
-1 -1
387 639
-1 -1
387 640
-1 -1
382 635
-1 -1
380 634
-1 -1
380 633
-1 -1
379 637
-1 -1
-1 -1
379 638
-1 -1
379 639
-1 -1
379 640
-1 -1
-1 -1
383 640
-1 -1
381 635
877 227
380 634
-1 -1
-1 -1
380 633
-1 -1
384 632
-1 -1
-1 -1
386 632
-1 -1
-1 -1
386 632
-1 -1
1147 278
387 636
1206 312
387 638
1248 354
-1 -1
-1 -1
-1 -1
392 645
-1 -1
-1 -1
390 647
1358 447
-1 -1
389 648
-1 -1
-1 -1
393 644
-1 -1
394 643
-1 -1
-1 -1
395 642
-1 -1
-1 -1
-1 -1
395 641
1442 514
-1 -1
-1 -1
-1 -1
395 641
1409 472
-1 -1
-1 -1
-1 -1
391 641
1366 455
-1 -1
-1 -1
-1 -1
-1 -1
390 641
-1 -1
1324 430
-1 -1
389 641
1290 413
-1 -1
388 641
-1 -1
1240 379
-1 -1
388 641
1206 345
-1 -1
-1 -1
-1 -1
388 641
-1 -1
-1 -1
388 636
-1 -1
-1 -1
388 633
-1 -1
388 633
-1 -1
-1 -1
388 632
-1 -1
388 636
-1 -1
388 634
-1 -1
388 637
-1 -1
-1 -1
388 639
-1 -1
-1 -1
388 639
-1 -1
-1 -1
388 640
-1 -1
388 640
-1 -1
388 640
-1 -1
-1 -1
388 640
-1 -1
388 640
987 210
388 640
-1 -1
388 640
-1 -1
-1 -1
388 640
-1 -1
388 640
1181 286
392 645
1222 321
394 647
1268 364
-1 -1
-1 -1
394 644
1324 405
-1 -1
-1 -1
395 643
-1 -1
-1 -1
391 642
-1 -1
-1 -1
393 641
-1 -1
1417 489
-1 -1
390 641
-1 -1
389 636
1400 480
-1 -1
-1 -1
392 637
-1 -1
-1 -1
394 639
-1 -1
1341 438
391 639
-1 -1
1307 430
-1 -1
393 640
-1 -1
1265 388
-1 -1
-1 -1
394 640
-1 -1
395 640
-1 -1
-1 -1
-1 -1
391 640
-1 -1
393 645
-1 -1
-1 -1
-1 -1
394 643
-1 -1
-1 -1
-1 -1
394 642
-1 -1
-1 -1
391 642
-1 -1
389 641
-1 -1
389 641
-1 -1
388 636
-1 -1
383 638
-1 -1
-1 -1
380 639
-1 -1
379 639
-1 -1
379 640
-1 -1
379 645
860 219
379 646
-1 -1
902 227
379 647
-1 -1
379 644
-1 -1
379 646
-1 -1
379 647
-1 -1
-1 -1
383 648
1155 345
-1 -1
381 644
1214 380
-1 -1
380 642
1276 440
-1 -1
380 642
1320 476
-1 -1
-1 -1
-1 -1
379 641
-1 -1
-1 -1
384 641
-1 -1
-1 -1
-1 -1
386 641
-1 -1
-1 -1
386 641
-1 -1
-1 -1
387 641
1366 506
-1 -1
-1 -1
383 635
1355 486
-1 -1
-1 -1
-1 -1
381 633
-1 -1
1307 455
-1 -1
380 633
-1 -1
1307 455
-1 -1
379 632
-1 -1
-1 -1
384 636
-1 -1
385 638
-1 -1
382 639
-1 -1
385 640
-1 -1
-1 -1
386 640
-1 -1
-1 -1
382 640
936 244
380 640
-1 -1
-1 -1
380 640
-1 -1
-1 -1
379 640
-1 -1
-1 -1
379 640
-1 -1
379 640
-1 -1
-1 -1
379 640
-1 -1
379 640
-1 -1
379 640
-1 -1
379 640
852 210
-1 -1
379 640
-1 -1
379 640
-1 -1
379 640
995 244
379 640
-1 -1
379 640
-1 -1
-1 -1
379 640
1155 312
379 640
1197 346
-1 -1
379 640
-1 -1
1248 388
-1 -1
-1 -1
379 640
1299 430
379 640
1341 464
-1 -1
379 640
1366 497
-1 -1
-1 -1
-1 -1
379 640
1366 497
-1 -1
-1 -1
-1 -1
384 635
1392 497
-1 -1
-1 -1
386 633
1365 485
-1 -1
386 633
1338 461
387 632
1334 456
387 632
-1 -1
1257 405
-1 -1
383 632
-1 -1
1223 379
-1 -1
385 632
-1 -1
-1 -1
386 632
-1 -1
-1 -1
-1 -1
382 636
-1 -1
-1 -1
380 638
-1 -1
-1 -1
380 639
-1 -1
-1 -1
379 640
-1 -1
379 640
-1 -1
379 640
-1 -1
379 640
-1 -1
379 640
-1 -1
379 640
-1 -1
379 640
-1 -1
379 640
-1 -1
379 640
-1 -1
379 640
-1 -1
379 640
-1 -1
-1 -1
379 640
-1 -1
860 210
379 640
-1 -1
379 640
-1 -1
379 640
-1 -1
379 640
-1 -1
379 640
-1 -1
-1 -1
379 640
-1 -1
1189 312
-1 -1
-1 -1
379 640
-1 -1
1231 354
-1 -1
379 640
1282 388
-1 -1
-1 -1
-1 -1
379 640
1333 447
-1 -1
-1 -1
-1 -1
379 635
1367 481
-1 -1
-1 -1
379 633
-1 -1
-1 -1
-1 -1
-1 -1
379 633
-1 -1
-1 -1
379 632
-1 -1
-1 -1
379 632
-1 -1
-1 -1
-1 -1
379 632
-1 -1
-1 -1
-1 -1
379 632
-1 -1
-1 -1
-1 -1
379 632
-1 -1
1316 430
-1 -1
379 632
1282 413
-1 -1
-1 -1
-1 -1
-1 -1
379 632
-1 -1
1231 371
-1 -1
-1 -1
-1 -1
379 632
-1 -1
1198 345
-1 -1
379 632
-1 -1
-1 -1
379 636
-1 -1
379 638
-1 -1
-1 -1
-1 -1
379 639
-1 -1
-1 -1
379 640
-1 -1
-1 -1
-1 -1
379 636
-1 -1
-1 -1
379 634
-1 -1
-1 -1
379 633
-1 -1
379 637
-1 -1
379 638
-1 -1
379 639
-1 -1
-1 -1
379 640
-1 -1
379 640
-1 -1
379 640
-1 -1
379 640
-1 -1
379 640
-1 -1
379 640
-1 -1
379 640
-1 -1
379 640
-1 -1
379 640
-1 -1
-1 -1
-1 -1
379 635
1147 286
379 638
-1 -1
1198 329
-1 -1
379 634
-1 -1
-1 -1
-1 -1
379 633
1324 413
-1 -1
-1 -1
379 632
1350 447
-1 -1
379 632
-1 -1
-1 -1
-1 -1
379 632
-1 -1
-1 -1
379 632
-1 -1
-1 -1
-1 -1
379 632
-1 -1
-1 -1
-1 -1
-1 -1
379 636
-1 -1
894 278
-1 -1
379 634
1375 455
894 278
-1 -1
379 633
-1 -1
1341 438
894 278
379 633
1290 405
-1 -1
-1 -1
-1 -1
379 632
-1 -1
1257 379
-1 -1
-1 -1
379 632
1206 354
-1 -1
-1 -1
379 632
-1 -1
-1 -1
-1 -1
379 632
-1 -1
-1 -1
379 632
-1 -1
-1 -1
379 632
-1 -1
-1 -1
379 632
-1 -1
-1 -1
379 637
-1 -1
379 635
-1 -1
379 633
-1 -1
379 633
-1 -1
379 637
-1 -1
379 639
-1 -1
-1 -1
379 639
-1 -1
379 640
-1 -1
379 640
-1 -1
379 640
-1 -1
379 640
-1 -1
379 640
-1 -1
-1 -1
-1 -1
379 640
-1 -1
-1 -1
-1 -1
379 636
1147 303
379 634
1189 329
379 633
1257 379
-1 -1
-1 -1
-1 -1
-1 -1
379 632
-1 -1
1307 421
-1 -1
-1 -1
379 632
-1 -1
-1 -1
-1 -1
379 632
-1 -1
-1 -1
-1 -1
379 632
-1 -1
-1 -1
-1 -1
379 632
-1 -1
-1 -1
-1 -1
379 632
1434 514
-1 -1
-1 -1
379 632
-1 -1
-1 -1
-1 -1
379 632
1358 455
-1 -1
379 632
1315 436
-1 -1
379 632
1279 418
-1 -1
-1 -1
379 632
-1 -1
1231 379
-1 -1
-1 -1
-1 -1
379 632
-1 -1
1189 345
379 632
-1 -1
-1 -1
379 637
-1 -1
379 635
-1 -1
379 633
-1 -1
379 633
-1 -1
379 637
-1 -1
379 639
-1 -1
379 639
-1 -1
379 640
-1 -1
379 640
-1 -1
-1 -1
379 645
-1 -1
-1 -1
-1 -1
379 647
-1 -1
-1 -1
-1 -1
379 648
-1 -1
-1 -1
-1 -1
379 648
-1 -1
379 648
-1 -1
-1 -1
379 648
-1 -1
379 648
-1 -1
-1 -1
379 644
-1 -1
-1 -1
379 642
-1 -1
-1 -1
379 642
1105 270
-1 -1
-1 -1
-1 -1
379 641
1172 303
-1 -1
-1 -1
-1 -1
-1 -1
379 641
1240 345
-1 -1
-1 -1
379 635
-1 -1
1299 388
-1 -1
379 637
-1 -1
-1 -1
-1 -1
384 638
-1 -1
-1 -1
-1 -1
382 635
-1 -1
-1 -1
380 633
-1 -1
-1 -1
-1 -1
380 632
-1 -1
-1 -1
379 632
1434 514
-1 -1
-1 -1
379 632
-1 -1
-1 -1
379 632
1358 447
-1 -1
379 632
-1 -1
1316 413
-1 -1
-1 -1
379 632
-1 -1
1274 396
-1 -1
-1 -1
379 632
-1 -1
-1 -1
379 632
-1 -1
379 632
-1 -1
-1 -1
379 632
-1 -1
-1 -1
379 636
-1 -1
-1 -1
-1 -1
379 638
-1 -1
379 639
-1 -1
-1 -1
379 636
-1 -1
379 634
-1 -1
379 633
-1 -1
379 637
-1 -1
379 639
-1 -1
-1 -1
379 639
-1 -1
379 640
-1 -1
-1 -1
379 640
-1 -1
379 640
-1 -1
379 640
-1 -1
379 636
-1 -1
379 638
-1 -1
379 639
-1 -1
-1 -1
379 635
-1 -1
1113 270
-1 -1
379 633
1164 303
379 633
1222 329
-1 -1
-1 -1
379 632
1299 388
-1 -1
-1 -1
-1 -1
379 632
-1 -1
-1 -1
-1 -1
384 632
-1 -1
-1 -1
386 632
-1 -1
-1 -1
-1 -1
386 632
-1 -1
-1 -1
383 632
-1 -1
-1 -1
381 632
-1 -1
1425 489
-1 -1
-1 -1
-1 -1
380 632
1392 464
384 632
1349 444
-1 -1
-1 -1
381 632
-1 -1
1299 413
-1 -1
384 632
-1 -1
1257 388
-1 -1
-1 -1
382 632
-1 -1
1223 362
-1 -1
-1 -1
380 627
-1 -1
1223 362
-1 -1
-1 -1
380 629
-1 -1
-1 -1
-1 -1
379 630
-1 -1
-1 -1
379 630
-1 -1
379 631
-1 -1
379 631
-1 -1
-1 -1
379 636
-1 -1
-1 -1
379 638
-1 -1
379 639
-1 -1
379 640
-1 -1
379 640
-1 -1
379 640
-1 -1
-1 -1
379 640
-1 -1
-1 -1
379 640
-1 -1
379 640
-1 -1
379 640
-1 -1
-1 -1
379 640
-1 -1
-1 -1
379 640
-1 -1
-1 -1
379 640
-1 -1
-1 -1
379 640
-1 -1
-1 -1
-1 -1
379 640
-1 -1
-1 -1
-1 -1
379 635
1240 345
-1 -1
379 633
1240 345
-1 -1
379 627
1323 428
-1 -1
379 625
1378 475
-1 -1
-1 -1
379 624
-1 -1
-1 -1
379 624
-1 -1
-1 -1
379 624
-1 -1
-1 -1
-1 -1
379 624
-1 -1
-1 -1
-1 -1
-1 -1
384 628
-1 -1
-1 -1
-1 -1
386 629
-1 -1
1358 447
-1 -1
386 630
-1 -1
1307 438
-1 -1
-1 -1
387 631
-1 -1
1307 438
-1 -1
-1 -1
383 631
-1 -1
1231 371
-1 -1
381 631
1189 345
-1 -1
-1 -1
-1 -1
380 631
-1 -1
-1 -1
379 631
-1 -1
-1 -1
379 631
-1 -1
-1 -1
379 631
-1 -1
-1 -1
-1 -1
379 631
-1 -1
379 631
-1 -1
379 631
-1 -1
379 631
-1 -1
379 631
-1 -1
-1 -1
379 631
-1 -1
379 631
-1 -1
379 637
-1 -1
379 639
-1 -1
379 639
-1 -1
379 640
-1 -1
-1 -1
379 640
-1 -1
-1 -1
379 640
-1 -1
379 640
-1 -1
379 640
-1 -1
-1 -1
-1 -1
379 640
-1 -1
-1 -1
-1 -1
379 640
1172 312
-1 -1
379 640
1172 312
-1 -1
384 640
-1 -1
-1 -1
-1 -1
386 640
-1 -1
-1 -1
-1 -1
386 640
-1 -1
-1 -1
387 640
-1 -1
-1 -1
387 635
-1 -1
-1 -1
387 633
-1 -1
-1 -1
387 633
-1 -1
-1 -1
-1 -1
387 632
-1 -1
-1 -1
387 632
1350 447
-1 -1
387 632
1307 435
-1 -1
-1 -1
387 632
-1 -1
1265 405
-1 -1
-1 -1
387 632
-1 -1
1265 405
-1 -1
-1 -1
387 632
-1 -1
387 632
-1 -1
-1 -1
387 636
-1 -1
-1 -1
387 634
-1 -1
-1 -1
382 638
-1 -1
380 639
-1 -1
-1 -1
380 640
-1 -1
379 640
-1 -1
379 640
-1 -1
379 640
-1 -1
379 640
-1 -1
-1 -1
379 640
-1 -1
-1 -1
379 640
-1 -1
379 640
-1 -1
379 640
-1 -1
379 640
-1 -1
379 640
-1 -1
-1 -1
379 640
-1 -1
-1 -1
379 640
-1 -1
-1 -1
-1 -1
379 640
-1 -1
-1 -1
-1 -1
379 635
1172 312
-1 -1
-1 -1
-1 -1
379 633
1231 345
-1 -1
-1 -1
379 633
-1 -1
-1 -1
379 632
1341 421
-1 -1
379 632
-1 -1
-1 -1
-1 -1
379 627
-1 -1
379 629
-1 -1
-1 -1
384 630
-1 -1
-1 -1
386 630
-1 -1
-1 -1
-1 -1
386 631
-1 -1
-1 -1
387 631
1383 455
-1 -1
387 631
1383 455
-1 -1
387 631
-1 -1
1299 405
-1 -1
383 631
1257 388
-1 -1
-1 -1
-1 -1
381 631
-1 -1
1223 354
380 631
-1 -1
379 631
-1 -1
-1 -1
379 631
-1 -1
-1 -1
-1 -1
379 631
-1 -1
379 631
-1 -1
383 636
-1 -1
385 639
-1 -1
382 639
-1 -1
381 640
-1 -1
-1 -1
380 640
-1 -1
-1 -1
379 640
-1 -1
379 636
-1 -1
379 638
-1 -1
379 639
-1 -1
379 639
-1 -1
379 640
-1 -1
379 640
-1 -1
-1 -1
-1 -1
379 640
-1 -1
379 640
1063 261
-1 -1
379 635
-1 -1
-1 -1
379 633
1181 337
379 633
1231 363
384 636
1292 406
-1 -1
386 638
-1 -1
386 639
-1 -1
-1 -1
-1 -1
387 635
-1 -1
-1 -1
387 633
-1 -1
-1 -1
387 633
-1 -1
1442 540
-1 -1
383 627
-1 -1
-1 -1
-1 -1
381 625
-1 -1
-1 -1
380 624
1333 447
-1 -1
384 624
-1 -1
1282 430
-1 -1
-1 -1
381 624
-1 -1
1240 396
-1 -1
380 624
-1 -1
1206 379
-1 -1
-1 -1
379 628
-1 -1
-1 -1
-1 -1
379 626
-1 -1
-1 -1
-1 -1
379 629
-1 -1
-1 -1
379 630
-1 -1
-1 -1
-1 -1
379 631
-1 -1
-1 -1
379 631
-1 -1
379 631
-1 -1
-1 -1
379 631
-1 -1
379 631
-1 -1
379 631
-1 -1
379 631
-1 -1
379 631
-1 -1
379 631
-1 -1
-1 -1
379 631
-1 -1
-1 -1
379 631
-1 -1
379 631
-1 -1
379 631
-1 -1
894 202
-1 -1
379 631
-1 -1
379 631
-1 -1
379 631
-1 -1
-1 -1
379 631
-1 -1
-1 -1
379 631
-1 -1
-1 -1
-1 -1
379 631
1198 320
-1 -1
379 631
-1 -1
1265 371
-1 -1
379 631
-1 -1
1265 371
-1 -1
379 627
-1 -1
1350 447
-1 -1
-1 -1
379 625
1383 480
-1 -1
-1 -1
-1 -1
379 625
-1 -1
-1 -1
-1 -1
379 624
-1 -1
-1 -1
-1 -1
379 624
1383 472
-1 -1
379 624
1364 460
-1 -1
-1 -1
379 624
1324 430
-1 -1
-1 -1
-1 -1
379 624
-1 -1
1290 413
-1 -1
-1 -1
379 624
1240 388
379 624
1213 361
-1 -1
379 624
-1 -1
-1 -1
379 628
-1 -1
-1 -1
379 626
-1 -1
379 629
-1 -1
379 630
-1 -1
-1 -1
384 636
-1 -1
-1 -1
-1 -1
379 641
801 413
379 641
-1 -1
379 641
750 430
-1 -1
379 641
-1 -1
-1 -1
379 641
-1 -1
-1 -1
379 635
-1 -1
-1 -1
379 637
-1 -1
379 639
-1 -1
379 639
-1 -1
379 640
793 413
379 640
892 220
-1 -1
379 640
-1 -1
-1 -1
379 640
-1 -1
-1 -1
379 640
-1 -1
-1 -1
379 640
877 286
-1 -1
-1 -1
-1 -1
379 635
-1 -1
1198 303
-1 -1
379 633
1189 303
-1 -1
379 627
1297 370
379 625
1305 377
379 624
-1 -1
-1 -1
-1 -1
379 624
-1 -1
-1 -1
-1 -1
-1 -1
379 624
-1 -1
379 624
-1 -1
-1 -1
384 624
1451 506
-1 -1
-1 -1
386 628
1416 471
-1 -1
-1 -1
386 629
-1 -1
1392 447
-1 -1
387 630
1392 447
-1 -1
-1 -1
-1 -1
383 627
-1 -1
1290 396
-1 -1
-1 -1
381 625
-1 -1
-1 -1
380 628
1215 345
-1 -1
-1 -1
-1 -1
379 630
1215 345
-1 -1
-1 -1
-1 -1
379 627
-1 -1
-1 -1
-1 -1
379 625
-1 -1
-1 -1
379 628
-1 -1
-1 -1
379 630
-1 -1
-1 -1
-1 -1
379 630
-1 -1
379 631
869 236
379 631
-1 -1
379 631
784 421
379 631
757 421
-1 -1
379 636
-1 -1
-1 -1
379 639
-1 -1
-1 -1
379 635
-1 -1
379 638
-1 -1
-1 -1
-1 -1
379 639
-1 -1
-1 -1
-1 -1
379 640
-1 -1
379 640
-1 -1
-1 -1
-1 -1
379 640
-1 -1
379 640
-1 -1
379 640
-1 -1
-1 -1
-1 -1
379 636
-1 -1
-1 -1
379 634
1198 286
-1 -1
-1 -1
379 633
1257 329
-1 -1
-1 -1
-1 -1
379 627
-1 -1
-1 -1
379 625
-1 -1
-1 -1
-1 -1
379 624
-1 -1
-1 -1
379 624
-1 -1
-1 -1
379 624
-1 -1
379 624
-1 -1
-1 -1
384 628
-1 -1
1459 489
-1 -1
386 629
-1 -1
1459 489
-1 -1
386 630
1375 455
-1 -1
387 631
1356 420
-1 -1
-1 -1
387 631
-1 -1
1299 396
-1 -1
-1 -1
-1 -1
383 627
-1 -1
1265 379
-1 -1
-1 -1
381 625
1223 345
-1 -1
-1 -1
-1 -1
380 625
-1 -1
379 624
-1 -1
-1 -1
379 628
-1 -1
379 630
-1 -1
379 630
-1 -1
379 627
-1 -1
379 625
-1 -1
379 625
793 413
379 624
766 413
-1 -1
379 628
753 413
-1 -1
379 630
751 413
-1 -1
374 627
750 421
-1 -1
-1 -1
372 625
-1 -1
750 421
375 635
700 421
376 638
741 432
377 639
818 254
-1 -1
378 640
888 221
-1 -1
378 640
-1 -1
-1 -1
-1 -1
378 640
-1 -1
-1 -1
378 640
1054 261
-1 -1
-1 -1
378 640
-1 -1
378 640
1164 329
-1 -1
378 636
1223 371
-1 -1
-1 -1
-1 -1
378 634
-1 -1
1282 405
-1 -1
378 633
-1 -1
1282 405
-1 -1
378 632
1358 480
-1 -1
378 632
1358 480
-1 -1
378 627
1416 499
-1 -1
378 625
1404 489
-1 -1
378 624
1378 478
378 628
-1 -1
1350 447
-1 -1
378 629
-1 -1
1307 421
-1 -1
-1 -1
378 630
-1 -1
1257 405
-1 -1
378 631
1223 379
-1 -1
-1 -1
378 631
-1 -1
1181 345
-1 -1
-1 -1
378 631
-1 -1
1181 345
-1 -1
-1 -1
378 631
-1 -1
-1 -1
378 627
-1 -1
-1 -1
-1 -1
-1 -1
378 629
-1 -1
-1 -1
-1 -1
-1 -1
-1 -1
378 630
-1 -1
378 630
-1 -1
378 636
-1 -1
-1 -1
378 638
-1 -1
378 635
759 430
-1 -1
378 634
759 448
378 633
-1 -1
378 632
-1 -1
378 637
-1 -1
-1 -1
378 639
-1 -1
-1 -1
378 639
750 447
378 640
769 441
-1 -1
-1 -1
378 640
-1 -1
378 640
-1 -1
